# time  created  delivered  delivered/created
32.0000 1 0 0.0000
58.0000 2 0 0.0000
84.0000 3 0 0.0000
112.0000 4 0 0.0000
144.0000 5 0 0.0000
170.0000 6 0 0.0000
203.0000 7 0 0.0000
233.0000 8 0 0.0000
265.0000 9 0 0.0000
291.0000 10 0 0.0000
320.0000 11 0 0.0000
345.0000 12 0 0.0000
379.0000 13 0 0.0000
405.0000 14 0 0.0000
431.0000 15 0 0.0000
464.0000 16 0 0.0000
498.0000 17 0 0.0000
523.0000 18 0 0.0000
536.0000 18 1 0.0556
557.0000 19 1 0.0526
582.0000 20 1 0.0500
609.0000 21 1 0.0476
640.0000 22 1 0.0455
669.0000 23 1 0.0435
698.0000 24 1 0.0417
730.0000 25 1 0.0400
757.0000 26 1 0.0385
785.0000 27 1 0.0370
818.0000 28 1 0.0357
852.0000 29 1 0.0345
881.0000 30 1 0.0333
913.0000 31 1 0.0323
945.0000 32 1 0.0313
976.0000 33 1 0.0303
1007.0000 34 1 0.0294
1035.0000 35 1 0.0286
1060.0000 36 1 0.0278
1092.0000 37 1 0.0270
1121.0000 38 1 0.0263
1154.0000 39 1 0.0256
1184.0000 40 1 0.0250
1216.0000 41 1 0.0244
1249.0000 42 1 0.0238
1281.0000 43 1 0.0233
1313.0000 44 1 0.0227
1345.0000 45 1 0.0222
1378.0000 46 1 0.0217
1411.0000 47 1 0.0213
1437.0000 48 1 0.0208
1465.0000 49 1 0.0204
1498.0000 50 1 0.0200
1528.0000 51 1 0.0196
1560.0000 52 1 0.0192
1586.0000 53 1 0.0189
1617.0000 54 1 0.0185
1646.0000 55 1 0.0182
1677.0000 56 1 0.0179
1707.0000 57 1 0.0175
1739.0000 58 1 0.0172
1769.0000 59 1 0.0169
1801.0000 60 1 0.0167
1826.0000 61 1 0.0164
1852.0000 62 1 0.0161
1881.0000 63 1 0.0159
1889.5000 63 2 0.0317
1903.5000 63 3 0.0476
1908.0000 64 3 0.0469
1937.0000 65 3 0.0462
1968.0000 66 3 0.0455
1997.0000 67 3 0.0448
2022.0000 68 3 0.0441
2054.0000 69 3 0.0435
2088.0000 70 3 0.0429
2117.0000 71 3 0.0423
2142.0000 72 3 0.0417
2173.0000 73 3 0.0411
2199.0000 74 3 0.0405
2229.0000 75 3 0.0400
2262.0000 76 3 0.0395
2294.0000 77 3 0.0390
2306.5000 77 4 0.0519
2319.0000 78 4 0.0513
2353.0000 79 4 0.0506
2378.0000 80 4 0.0500
2411.0000 81 4 0.0494
2443.0000 82 4 0.0488
2450.5000 82 5 0.0610
2470.0000 83 5 0.0602
2498.0000 84 5 0.0595
2530.0000 85 5 0.0588
2561.0000 86 5 0.0581
2589.0000 87 5 0.0575
2619.0000 88 5 0.0568
2649.0000 89 5 0.0562
2674.0000 90 5 0.0556
2704.0000 91 5 0.0549
2734.0000 92 5 0.0543
2768.0000 93 5 0.0538
2794.0000 94 5 0.0532
2823.0000 95 5 0.0526
2853.0000 96 5 0.0521
2874.0000 96 6 0.0625
2880.0000 97 6 0.0619
2909.0000 98 6 0.0612
2941.0000 99 6 0.0606
2974.0000 100 6 0.0600
3003.0000 101 6 0.0594
3037.0000 102 6 0.0588
3064.0000 103 6 0.0583
3094.0000 104 6 0.0577
3121.0000 105 6 0.0571
3146.0000 106 6 0.0566
3175.0000 107 6 0.0561
3207.0000 108 6 0.0556
3237.0000 109 6 0.0550
3243.0000 109 7 0.0642
3262.0000 110 7 0.0636
3295.0000 111 7 0.0631
3322.0000 112 7 0.0625
3344.0000 112 8 0.0714
3352.0000 113 8 0.0708
3379.0000 114 8 0.0702
3408.0000 115 8 0.0696
3435.0000 116 8 0.0690
3461.0000 117 8 0.0684
3487.0000 118 8 0.0678
3516.0000 119 8 0.0672
3543.0000 120 8 0.0667
3570.0000 121 8 0.0661
3601.0000 122 8 0.0656
3627.0000 123 8 0.0650
3661.0000 124 8 0.0645
3691.0000 125 8 0.0640
3723.5000 125 9 0.0720
3724.0000 126 9 0.0714
3754.0000 127 9 0.0709
3786.0000 128 9 0.0703
3811.0000 129 9 0.0698
3842.0000 130 9 0.0692
3873.0000 131 9 0.0687
3904.0000 132 9 0.0682
3934.0000 133 9 0.0677
3968.0000 134 9 0.0672
3999.0000 135 9 0.0667
4028.0000 136 9 0.0662
4055.0000 137 9 0.0657
4080.0000 138 9 0.0652
4112.0000 139 9 0.0647
4140.0000 139 10 0.0719
4143.0000 140 10 0.0714
4174.0000 141 10 0.0709
4192.5000 141 11 0.0780
4205.0000 142 11 0.0775
4230.0000 143 11 0.0769
4255.0000 144 11 0.0764
4283.0000 145 11 0.0759
4312.0000 145 12 0.0828
4314.0000 146 12 0.0822
4342.0000 147 12 0.0816
4368.0000 148 12 0.0811
4402.0000 149 12 0.0805
4432.0000 150 12 0.0800
4462.0000 151 12 0.0795
4488.0000 152 12 0.0789
4488.5000 152 13 0.0855
4515.0000 153 13 0.0850
4546.0000 154 13 0.0844
4572.0000 155 13 0.0839
4606.0000 156 13 0.0833
4638.0000 157 13 0.0828
4672.0000 158 13 0.0823
4701.0000 159 13 0.0818
4719.5000 159 14 0.0881
4729.0000 160 14 0.0875
4758.0000 161 14 0.0870
4758.5000 161 15 0.0932
4792.0000 162 15 0.0926
4822.0000 163 15 0.0920
4847.0000 164 15 0.0915
4872.0000 164 16 0.0976
4875.0000 165 16 0.0970
4902.0000 166 16 0.0964
4935.0000 167 16 0.0958
4965.0000 168 16 0.0952
4996.0000 169 16 0.0947
5028.0000 170 16 0.0941
5058.0000 171 16 0.0936
5089.0000 172 16 0.0930
5119.0000 173 16 0.0925
5150.0000 174 16 0.0920
5183.0000 175 16 0.0914
5213.0000 176 16 0.0909
5243.0000 177 16 0.0904
5276.0000 178 16 0.0899
5305.0000 179 16 0.0894
5323.0000 179 17 0.0950
5339.0000 180 17 0.0944
5366.0000 181 17 0.0939
5391.0000 182 17 0.0934
5419.0000 183 17 0.0929
5444.0000 184 17 0.0924
5474.0000 185 17 0.0919
5504.0000 186 17 0.0914
5531.0000 187 17 0.0909
5562.0000 188 17 0.0904
5592.0000 189 17 0.0899
5624.0000 190 17 0.0895
5642.5000 190 18 0.0947
5658.0000 191 18 0.0942
5688.0000 192 18 0.0938
5716.0000 193 18 0.0933
5747.0000 194 18 0.0928
5773.0000 195 18 0.0923
5807.0000 196 18 0.0918
5837.0000 197 18 0.0914
5868.0000 198 18 0.0909
5868.5000 198 19 0.0960
5900.0000 199 19 0.0955
5931.0000 200 19 0.0950
5958.0000 201 19 0.0945
5969.5000 201 20 0.0995
5979.0000 201 21 0.1045
5984.0000 202 21 0.1040
6017.0000 203 21 0.1034
6028.0000 203 22 0.1084
6047.0000 204 22 0.1078
6074.0000 205 22 0.1073
6101.0000 206 22 0.1068
6130.0000 207 22 0.1063
6153.5000 207 23 0.1111
6156.0000 208 23 0.1106
6181.0000 209 23 0.1100
6192.5000 209 24 0.1148
6213.0000 210 24 0.1143
6243.0000 211 24 0.1137
6275.0000 212 24 0.1132
6305.0000 213 24 0.1127
6335.0000 214 24 0.1121
6365.0000 215 24 0.1116
6366.5000 215 25 0.1163
6390.0000 216 25 0.1157
6417.0000 217 25 0.1152
6450.0000 218 25 0.1147
6478.0000 218 26 0.1193
6483.0000 219 26 0.1187
6509.0000 220 26 0.1182
6540.0000 221 26 0.1176
6570.0000 222 26 0.1171
6587.0000 222 27 0.1216
6601.0000 223 27 0.1211
6634.0000 224 27 0.1205
6666.0000 225 27 0.1200
6691.0000 226 27 0.1195
6716.0000 227 27 0.1189
6748.0000 228 27 0.1184
6773.0000 229 27 0.1179
6806.0000 230 27 0.1174
6838.0000 231 27 0.1169
6844.5000 231 28 0.1212
6870.0000 232 28 0.1207
6897.0000 233 28 0.1202
6922.5000 233 29 0.1245
6923.0000 234 29 0.1239
6952.0000 235 29 0.1234
6986.0000 236 29 0.1229
7013.0000 237 29 0.1224
7043.0000 238 29 0.1218
7077.0000 239 29 0.1213
7089.5000 239 30 0.1255
7111.0000 240 30 0.1250
7138.0000 241 30 0.1245
7169.0000 242 30 0.1240
7169.5000 242 31 0.1281
7194.0000 243 31 0.1276
7228.0000 244 31 0.1270
7262.0000 245 31 0.1265
7296.0000 246 31 0.1260
7324.0000 247 31 0.1255
7354.0000 248 31 0.1250
7380.0000 249 31 0.1245
7409.0000 250 31 0.1240
7412.0000 250 32 0.1280
7437.0000 251 32 0.1275
7461.0000 251 33 0.1315
7464.0000 252 33 0.1310
7494.0000 253 33 0.1304
7521.0000 253 34 0.1344
7525.0000 254 34 0.1339
7559.0000 255 34 0.1333
7568.5000 255 35 0.1373
7590.0000 256 35 0.1367
7619.0000 257 35 0.1362
7622.0000 257 36 0.1401
7647.0000 258 36 0.1395
7678.0000 259 36 0.1390
7692.0000 259 37 0.1429
7703.0000 260 37 0.1423
7729.0000 261 37 0.1418
7735.0000 261 38 0.1456
7762.0000 262 38 0.1450
7765.5000 262 39 0.1489
7789.0000 263 39 0.1483
7814.0000 264 39 0.1477
7829.5000 264 40 0.1515
7844.0000 265 40 0.1509
7873.0000 266 40 0.1504
7907.0000 267 40 0.1498
7935.0000 268 40 0.1493
7964.0000 269 40 0.1487
7994.0000 270 40 0.1481
8027.0000 271 40 0.1476
8027.5000 271 41 0.1513
8057.0000 272 41 0.1507
8085.0000 273 41 0.1502
8113.0000 274 41 0.1496
8146.0000 275 41 0.1491
8172.0000 276 41 0.1486
8187.5000 276 42 0.1522
8201.0000 277 42 0.1516
8231.0000 278 42 0.1511
8261.0000 279 42 0.1505
8295.0000 280 42 0.1500
8320.0000 281 42 0.1495
8350.0000 282 42 0.1489
8380.0000 283 42 0.1484
8408.0000 284 42 0.1479
8433.0000 285 42 0.1474
8436.5000 285 43 0.1509
8460.0000 286 43 0.1503
8488.0000 287 43 0.1498
8517.0000 288 43 0.1493
8549.0000 289 43 0.1488
8581.0000 290 43 0.1483
8590.0000 290 44 0.1517
8614.0000 291 44 0.1512
8641.0000 292 44 0.1507
8666.0000 293 44 0.1502
8696.0000 294 44 0.1497
8729.0000 295 44 0.1492
8755.0000 296 44 0.1486
8782.0000 297 44 0.1481
8807.0000 298 44 0.1477
8835.0000 299 44 0.1472
8863.0000 300 44 0.1467
8894.0000 301 44 0.1462
8924.0000 302 44 0.1457
8931.0000 302 45 0.1490
8954.0000 303 45 0.1485
8964.0000 303 46 0.1518
8980.0000 304 46 0.1513
9006.0000 305 46 0.1508
9027.5000 305 47 0.1541
9031.0000 306 47 0.1536
9062.0000 307 47 0.1531
9095.0000 308 47 0.1526
9126.0000 309 47 0.1521
9152.0000 310 47 0.1516
9181.0000 311 47 0.1511
9211.0000 312 47 0.1506
9242.0000 313 47 0.1502
9267.0000 314 47 0.1497
9298.0000 315 47 0.1492
9329.0000 316 47 0.1487
9362.0000 317 47 0.1483
9364.5000 317 48 0.1514
9384.5000 317 49 0.1546
9387.0000 318 49 0.1541
9412.0000 319 49 0.1536
9428.0000 319 50 0.1567
9439.0000 320 50 0.1563
9467.0000 320 51 0.1594
9473.0000 321 51 0.1589
9501.0000 322 51 0.1584
9501.5000 322 52 0.1615
9527.0000 323 52 0.1610
9527.0000 323 53 0.1641
9554.0000 324 53 0.1636
9580.0000 325 53 0.1631
9607.0000 326 53 0.1626
9641.0000 327 53 0.1621
9668.0000 328 53 0.1616
9676.0000 328 54 0.1646
9702.0000 329 54 0.1641
9733.0000 330 54 0.1636
9759.0000 331 54 0.1631
9785.0000 332 54 0.1627
9795.0000 332 55 0.1657
9813.0000 333 55 0.1652
9813.5000 333 56 0.1682
9842.0000 334 56 0.1677
9869.0000 335 56 0.1672
9898.0000 336 56 0.1667
9925.0000 337 56 0.1662
9931.5000 337 57 0.1691
9958.0000 338 57 0.1686
9983.0000 339 57 0.1681
10000.0000 339 58 0.1711
10012.0000 340 58 0.1706
10041.0000 341 58 0.1701
10075.0000 342 58 0.1696
10075.5000 342 59 0.1725
10102.0000 343 59 0.1720
10132.0000 344 59 0.1715
10136.0000 344 60 0.1744
10157.0000 345 60 0.1739
10188.0000 346 60 0.1734
10217.0000 347 60 0.1729
10243.0000 348 60 0.1724
10276.0000 349 60 0.1719
10301.0000 350 60 0.1714
10331.0000 351 60 0.1709
10331.5000 351 61 0.1738
10356.0000 352 61 0.1733
10386.0000 353 61 0.1728
10417.0000 354 61 0.1723
10448.0000 355 61 0.1718
10478.0000 356 61 0.1713
10512.0000 357 61 0.1709
10537.0000 358 61 0.1704
10537.5000 358 62 0.1732
10566.0000 359 62 0.1727
10576.0000 359 63 0.1755
10577.0000 359 64 0.1783
10595.0000 360 64 0.1778
10618.5000 360 65 0.1806
10618.5000 360 66 0.1833
10628.0000 361 66 0.1828
10660.0000 362 66 0.1823
10675.0000 362 67 0.1851
10685.0000 363 67 0.1846
10717.0000 364 67 0.1841
10744.0000 365 67 0.1836
10750.5000 365 68 0.1863
10770.0000 366 68 0.1858
10786.0000 366 69 0.1885
10797.0000 367 69 0.1880
10824.0000 368 69 0.1875
10858.0000 369 69 0.1870
10887.0000 370 69 0.1865
10912.0000 371 69 0.1860
10939.0000 372 69 0.1855
10973.0000 373 69 0.1850
11006.0000 374 69 0.1845
11032.0000 375 69 0.1840
11032.0000 375 70 0.1867
11065.0000 376 70 0.1862
11095.0000 377 70 0.1857
11121.0000 378 70 0.1852
11148.0000 379 70 0.1847
11162.0000 379 71 0.1873
11171.5000 379 72 0.1900
11182.0000 380 72 0.1895
11216.0000 381 72 0.1890
11247.0000 382 72 0.1885
11275.0000 383 72 0.1880
11301.0000 384 72 0.1875
11333.0000 385 72 0.1870
11366.0000 386 72 0.1865
11391.0000 387 72 0.1860
11405.5000 387 73 0.1886
11422.0000 388 73 0.1881
11450.0000 389 73 0.1877
11479.0000 390 73 0.1872
11501.5000 390 74 0.1897
11513.0000 391 74 0.1893
11528.5000 391 75 0.1918
11540.0000 392 75 0.1913
11573.0000 393 75 0.1908
11600.0000 394 75 0.1904
11627.0000 395 75 0.1899
11652.0000 396 75 0.1894
11679.0000 397 75 0.1889
11704.5000 397 76 0.1914
11711.0000 398 76 0.1910
11741.0000 399 76 0.1905
11769.0000 400 76 0.1900
11797.0000 401 76 0.1895
11825.0000 402 76 0.1891
11851.0000 403 76 0.1886
11882.0000 404 76 0.1881
11911.0000 405 76 0.1877
11919.5000 405 77 0.1901
11938.0000 406 77 0.1897
11965.0000 407 77 0.1892
11999.0000 408 77 0.1887
12024.0000 409 77 0.1883
12024.5000 409 78 0.1907
12049.0000 410 78 0.1902
12081.0000 411 78 0.1898
12107.0000 412 78 0.1893
12136.0000 413 78 0.1889
12169.0000 414 78 0.1884
12196.0000 415 78 0.1880
12223.0000 416 78 0.1875
12224.0000 416 79 0.1899
12254.0000 417 79 0.1894
12285.0000 418 79 0.1890
12308.0000 418 80 0.1914
12310.0000 419 80 0.1909
12337.0000 420 80 0.1905
12342.0000 420 81 0.1929
12362.0000 421 81 0.1924
12394.0000 422 81 0.1919
12428.0000 423 81 0.1915
12462.0000 424 81 0.1910
12485.0000 424 82 0.1934
12494.0000 425 82 0.1929
12497.5000 425 83 0.1953
12524.0000 426 83 0.1948
12553.0000 427 83 0.1944
12586.0000 428 83 0.1939
12612.0000 429 83 0.1935
12643.0000 430 83 0.1930
12664.0000 430 84 0.1953
12671.0000 431 84 0.1949
12704.0000 432 84 0.1944
12730.0000 433 84 0.1940
12745.0000 433 85 0.1963
12755.0000 434 85 0.1959
12789.0000 435 85 0.1954
12817.0000 436 85 0.1950
12824.5000 436 86 0.1972
12842.0000 437 86 0.1968
12871.0000 438 86 0.1963
12871.5000 438 87 0.1986
12903.0000 439 87 0.1982
12933.0000 440 87 0.1977
12966.0000 441 87 0.1973
12992.0000 442 87 0.1968
13021.0000 443 87 0.1964
13050.0000 444 87 0.1959
13078.0000 445 87 0.1955
13104.0000 446 87 0.1951
13136.0000 447 87 0.1946
13170.0000 448 87 0.1942
13204.0000 449 87 0.1938
13231.0000 450 87 0.1933
13257.0000 451 87 0.1929
13290.0000 452 87 0.1925
13316.0000 453 87 0.1921
13341.0000 454 87 0.1916
13366.0000 455 87 0.1912
13399.0000 456 87 0.1908
13428.0000 457 87 0.1904
13431.0000 457 88 0.1926
13432.5000 457 89 0.1947
13456.0000 458 89 0.1943
13481.0000 459 89 0.1939
13508.0000 460 89 0.1935
13536.0000 461 89 0.1931
13564.0000 462 89 0.1926
13597.0000 463 89 0.1922
13630.0000 464 89 0.1918
13664.0000 465 89 0.1914
13698.0000 466 89 0.1910
13725.0000 467 89 0.1906
13757.0000 468 89 0.1902
13757.5000 468 90 0.1923
13785.0000 469 90 0.1919
13818.0000 470 90 0.1915
13818.5000 470 91 0.1936
13845.0000 471 91 0.1932
13872.0000 472 91 0.1928
13902.0000 473 91 0.1924
13928.0000 474 91 0.1920
13958.0000 475 91 0.1916
13958.5000 475 92 0.1937
13989.0000 476 92 0.1933
13992.5000 476 93 0.1954
14020.0000 477 93 0.1950
14047.0000 478 93 0.1946
14073.0000 479 93 0.1942
14103.0000 480 93 0.1938
14128.0000 481 93 0.1933
14161.0000 482 93 0.1929
14186.0000 483 93 0.1925
14190.5000 483 94 0.1946
14214.0000 484 94 0.1942
14240.0000 485 94 0.1938
14270.0000 486 94 0.1934
14302.0000 487 94 0.1930
14302.0000 487 95 0.1951
14331.0000 488 95 0.1947
14360.0000 489 95 0.1943
14360.5000 489 96 0.1963
14388.0000 490 96 0.1959
14414.0000 491 96 0.1955
14445.0000 492 96 0.1951
14476.0000 493 96 0.1947
14505.0000 494 96 0.1943
14538.0000 495 96 0.1939
14541.5000 495 97 0.1960
14566.0000 496 97 0.1956
14595.0000 497 97 0.1952
14627.0000 498 97 0.1948
14655.0000 499 97 0.1944
14689.0000 500 97 0.1940
14714.0000 501 97 0.1936
14744.0000 502 97 0.1932
14778.0000 503 97 0.1928
14812.0000 504 97 0.1925
14839.0000 505 97 0.1921
14842.0000 505 98 0.1941
14873.0000 506 98 0.1937
14906.0000 507 98 0.1933
14933.0000 508 98 0.1929
14962.0000 509 98 0.1925
14995.0000 510 98 0.1922
15024.0000 511 98 0.1918
15050.0000 512 98 0.1914
15077.0000 513 98 0.1910
15103.0000 514 98 0.1907
15134.0000 515 98 0.1903
15160.0000 516 98 0.1899
15188.0000 517 98 0.1896
15219.0000 518 98 0.1892
15247.0000 519 98 0.1888
15259.5000 519 99 0.1908
15269.5000 519 100 0.1927
15281.0000 520 100 0.1923
15302.5000 520 101 0.1942
15313.0000 521 101 0.1939
15338.0000 522 101 0.1935
15367.0000 523 101 0.1931
15398.0000 524 101 0.1927
15424.0000 525 101 0.1924
15430.5000 525 102 0.1943
15456.0000 526 102 0.1939
15465.5000 526 103 0.1958
15486.0000 527 103 0.1954
15513.0000 528 103 0.1951
15539.0000 529 103 0.1947
15573.0000 530 103 0.1943
15599.0000 531 103 0.1940
15631.0000 532 103 0.1936
15635.0000 532 104 0.1955
15655.5000 532 105 0.1974
15656.0000 533 105 0.1970
15684.0000 534 105 0.1966
15717.0000 535 105 0.1963
15751.0000 536 105 0.1959
15776.0000 537 105 0.1955
15805.0000 538 105 0.1952
15838.0000 539 105 0.1948
15863.0000 540 105 0.1944
15892.0000 541 105 0.1941
15923.0000 542 105 0.1937
15948.0000 543 105 0.1934
15977.0000 544 105 0.1930
16003.0000 545 105 0.1927
16005.0000 545 106 0.1945
16029.0000 546 106 0.1941
16062.0000 547 106 0.1938
16072.5000 547 107 0.1956
16096.0000 548 107 0.1953
16125.0000 549 107 0.1949
16157.0000 550 107 0.1945
16188.0000 551 107 0.1942
16219.0000 552 107 0.1938
16252.0000 553 107 0.1935
16278.0000 554 107 0.1931
16303.0000 555 107 0.1928
16332.0000 556 107 0.1924
16361.0000 557 107 0.1921
16391.0000 558 107 0.1918
16420.0000 559 107 0.1914
16449.0000 560 107 0.1911
16457.0000 560 108 0.1929
16471.5000 560 109 0.1946
16475.0000 561 109 0.1943
16508.0000 562 109 0.1940
16542.0000 563 109 0.1936
16571.0000 564 109 0.1933
16598.0000 565 109 0.1929
16626.0000 566 109 0.1926
16653.0000 567 109 0.1922
16680.0000 567 110 0.1940
16685.0000 568 110 0.1937
16689.0000 568 111 0.1954
16719.0000 569 111 0.1951
16726.0000 569 112 0.1968
16748.0000 570 112 0.1965
16775.0000 571 112 0.1961
16801.0000 572 112 0.1958
16827.0000 573 112 0.1955
16853.0000 574 112 0.1951
16884.0000 575 112 0.1948
16910.0000 576 112 0.1944
16937.0000 577 112 0.1941
16965.0000 578 112 0.1938
16974.0000 578 113 0.1955
16991.0000 579 113 0.1952
17025.0000 580 113 0.1948
17053.0000 581 113 0.1945
17086.0000 582 113 0.1942
17112.0000 583 113 0.1938
17127.5000 583 114 0.1955
17139.0000 584 114 0.1952
17172.0000 585 114 0.1949
17201.0000 586 114 0.1945
17232.0000 587 114 0.1942
17264.0000 588 114 0.1939
17289.0000 589 114 0.1935
17323.0000 590 114 0.1932
17355.0000 591 114 0.1929
17385.0000 592 114 0.1926
17415.0000 593 114 0.1922
17433.5000 593 115 0.1939
17440.0000 594 115 0.1936
17468.0000 595 115 0.1933
17501.0000 596 115 0.1930
17531.0000 597 115 0.1926
17558.0000 598 115 0.1923
17589.0000 599 115 0.1920
17614.0000 600 115 0.1917
17639.0000 601 115 0.1913
17672.0000 602 115 0.1910
17697.0000 603 115 0.1907
17722.0000 604 115 0.1904
17745.5000 604 116 0.1921
17747.0000 605 116 0.1917
17776.0000 606 116 0.1914
17802.0000 607 116 0.1911
17834.0000 608 116 0.1908
17868.0000 609 116 0.1905
17901.0000 610 116 0.1902
17934.0000 611 116 0.1899
17956.5000 611 117 0.1915
17959.0000 612 117 0.1912
17985.0000 613 117 0.1909
18010.0000 614 117 0.1906
18039.5000 614 118 0.1922
18041.0000 615 118 0.1919
18050.5000 615 119 0.1935
18074.0000 616 119 0.1932
18103.0000 617 119 0.1929
18127.0000 617 120 0.1945
18131.0000 618 120 0.1942
18165.0000 619 120 0.1939
18184.5000 619 121 0.1955
18190.0000 619 122 0.1971
18195.0000 620 122 0.1968
18197.0000 620 123 0.1984
18221.0000 621 123 0.1981
18252.0000 622 123 0.1977
18283.0000 623 123 0.1974
18317.0000 624 123 0.1971
18344.0000 625 123 0.1968
18375.0000 626 123 0.1965
18405.0000 627 123 0.1962
18434.0000 628 123 0.1959
18467.0000 629 123 0.1955
18492.0000 630 123 0.1952
18526.0000 631 123 0.1949
18554.0000 632 123 0.1946
18576.0000 632 124 0.1962
18579.0000 633 124 0.1959
18609.0000 634 124 0.1956
18635.0000 635 124 0.1953
18668.0000 636 124 0.1950
18700.0000 637 124 0.1947
18729.0000 638 124 0.1944
18760.0000 639 124 0.1941
18792.0000 640 124 0.1938
18824.0000 641 124 0.1934
18858.0000 642 124 0.1931
18880.0000 642 125 0.1947
18884.0000 643 125 0.1944
18910.0000 644 125 0.1941
18939.0000 645 125 0.1938
18971.0000 646 125 0.1935
18996.0000 647 125 0.1932
19006.5000 647 126 0.1947
19030.0000 648 126 0.1944
19064.0000 649 126 0.1941
19088.5000 649 127 0.1957
19094.0000 650 127 0.1954
19121.0000 651 127 0.1951
19151.0000 652 127 0.1948
19182.0000 653 127 0.1945
19189.0000 653 128 0.1960
19216.0000 654 128 0.1957
19247.0000 655 128 0.1954
19267.5000 655 129 0.1969
19274.0000 656 129 0.1966
19302.0000 657 129 0.1963
19329.0000 658 129 0.1960
19357.0000 659 129 0.1958
19384.0000 660 129 0.1955
19409.0000 661 129 0.1952
19442.0000 662 129 0.1949
19449.0000 662 130 0.1964
19472.0000 663 130 0.1961
19473.0000 663 131 0.1976
19501.0000 664 131 0.1973
19501.0000 664 132 0.1988
19532.0000 665 132 0.1985
19563.0000 666 132 0.1982
19595.0000 667 132 0.1979
19628.0000 668 132 0.1976
19660.0000 669 132 0.1973
19688.0000 670 132 0.1970
19721.0000 671 132 0.1967
19748.0000 671 133 0.1982
19755.0000 672 133 0.1979
19780.0000 673 133 0.1976
19814.0000 674 133 0.1973
19823.5000 674 134 0.1988
19824.5000 674 135 0.2003
19842.0000 675 135 0.2000
19876.0000 676 135 0.1997
19910.0000 677 135 0.1994
19937.0000 678 135 0.1991
19970.0000 679 135 0.1988
19998.0000 680 135 0.1985
20023.0000 681 135 0.1982
20055.0000 682 135 0.1979
20056.5000 682 136 0.1994
20082.0000 683 136 0.1991
20116.0000 684 136 0.1988
20148.0000 685 136 0.1985
20166.0000 685 137 0.2000
20174.0000 686 137 0.1997
20174.5000 686 138 0.2012
20188.0000 686 139 0.2026
20205.0000 687 139 0.2023
20236.0000 688 139 0.2020
20261.0000 689 139 0.2017
20291.0000 690 139 0.2014
20320.0000 691 139 0.2012
20325.5000 691 140 0.2026
20345.0000 692 140 0.2023
20376.0000 693 140 0.2020
20407.0000 694 140 0.2017
20437.0000 695 140 0.2014
20462.0000 696 140 0.2011
20496.0000 697 140 0.2009
20526.0000 698 140 0.2006
20553.0000 699 140 0.2003
20584.0000 700 140 0.2000
20610.0000 701 140 0.1997
20641.0000 702 140 0.1994
20658.5000 702 141 0.2009
20660.0000 702 142 0.2023
20674.0000 703 142 0.2020
20706.0000 704 142 0.2017
20737.0000 705 142 0.2014
20767.0000 706 142 0.2011
20798.0000 707 142 0.2008
20830.0000 708 142 0.2006
20855.0000 709 142 0.2003
20889.0000 710 142 0.2000
20917.0000 711 142 0.1997
20944.0000 712 142 0.1994
20975.0000 713 142 0.1992
21009.0000 714 142 0.1989
21040.0000 715 142 0.1986
21065.0000 716 142 0.1983
21090.0000 717 142 0.1980
21116.0000 718 142 0.1978
21150.0000 719 142 0.1975
21180.0000 720 142 0.1972
21195.0000 720 143 0.1986
21202.5000 720 144 0.2000
21209.0000 721 144 0.1997
21237.0000 722 144 0.1994
21268.0000 723 144 0.1992
21268.5000 723 145 0.2006
21298.0000 724 145 0.2003
21330.0000 725 145 0.2000
21330.0000 725 146 0.2014
21359.0000 726 146 0.2011
21387.0000 727 146 0.2008
21416.0000 728 146 0.2005
21446.0000 729 146 0.2003
21476.0000 730 146 0.2000
21508.0000 731 146 0.1997
21537.0000 732 146 0.1995
21563.0000 733 146 0.1992
21594.0000 734 146 0.1989
21619.0000 735 146 0.1986
21648.0000 736 146 0.1984
21680.0000 737 146 0.1981
21712.0000 738 146 0.1978
21739.0000 739 146 0.1976
21770.0000 740 146 0.1973
21797.0000 741 146 0.1970
21826.0000 742 146 0.1968
21835.5000 742 147 0.1981
21854.0000 743 147 0.1978
21885.0000 744 147 0.1976
21903.0000 744 148 0.1989
21919.0000 745 148 0.1987
21944.0000 746 148 0.1984
21973.0000 747 148 0.1981
21999.0000 748 148 0.1979
22031.0000 749 148 0.1976
22062.0000 750 148 0.1973
22095.0000 751 148 0.1971
22128.0000 752 148 0.1968
22153.0000 753 148 0.1965
22179.0000 753 149 0.1979
22182.0000 754 149 0.1976
22215.0000 755 149 0.1974
22240.0000 756 149 0.1971
22273.0000 757 149 0.1968
22306.0000 758 149 0.1966
22337.0000 759 149 0.1963
22369.0000 760 149 0.1961
22403.0000 761 149 0.1958
22435.0000 762 149 0.1955
22465.0000 763 149 0.1953
22499.0000 764 149 0.1950
22518.5000 764 150 0.1963
22525.0000 765 150 0.1961
22558.0000 766 150 0.1958
22591.0000 767 150 0.1956
22617.0000 768 150 0.1953
22643.0000 769 150 0.1951
22656.5000 769 151 0.1964
22675.0000 770 151 0.1961
22702.0000 771 151 0.1958
22733.0000 772 151 0.1956
22761.0000 773 151 0.1953
22788.0000 774 151 0.1951
22822.0000 775 151 0.1948
22847.0000 776 151 0.1946
22880.0000 777 151 0.1943
22902.5000 777 152 0.1956
22909.0000 778 152 0.1954
22937.0000 779 152 0.1951
22969.0000 780 152 0.1949
22987.0000 780 153 0.1962
23001.0000 781 153 0.1959
23031.0000 782 153 0.1957
23062.0000 783 153 0.1954
23094.0000 784 153 0.1952
23122.0000 785 153 0.1949
23156.0000 786 153 0.1947
23188.0000 787 153 0.1944
23214.0000 788 153 0.1942
23246.0000 789 153 0.1939
23278.0000 790 153 0.1937
23307.0000 791 153 0.1934
23332.0000 792 153 0.1932
23366.0000 793 153 0.1929
23397.0000 794 153 0.1927
23431.0000 795 153 0.1925
23464.0000 796 153 0.1922
23494.0000 797 153 0.1920
23523.0000 798 153 0.1917
23554.0000 799 153 0.1915
23583.0000 800 153 0.1913
23614.0000 801 153 0.1910
23648.0000 802 153 0.1908
23673.0000 803 153 0.1905
23699.0000 804 153 0.1903
23725.0000 805 153 0.1901
23732.0000 805 154 0.1913
23744.0000 805 155 0.1925
23758.0000 806 155 0.1923
23787.0000 807 155 0.1921
23820.0000 808 155 0.1918
23852.0000 809 155 0.1916
23885.0000 810 155 0.1914
23915.0000 811 155 0.1911
23944.0000 812 155 0.1909
23973.0000 813 155 0.1907
24001.0000 814 155 0.1904
24035.0000 815 155 0.1902
24060.0000 816 155 0.1900
24093.0000 817 155 0.1897
24126.0000 818 155 0.1895
24155.0000 819 155 0.1893
24185.0000 820 155 0.1890
24219.0000 821 155 0.1888
24252.0000 822 155 0.1886
24281.0000 823 155 0.1883
24303.0000 823 156 0.1896
24307.0000 824 156 0.1893
24332.0000 825 156 0.1891
24366.0000 826 156 0.1889
24396.0000 827 156 0.1886
24430.0000 828 156 0.1884
24464.0000 829 156 0.1882
24495.0000 830 156 0.1880
24527.0000 831 156 0.1877
24560.0000 832 156 0.1875
24594.0000 833 156 0.1873
24621.0000 834 156 0.1871
24649.0000 835 156 0.1868
24674.0000 835 157 0.1880
24681.0000 836 157 0.1878
24708.0000 837 157 0.1876
24733.0000 838 157 0.1874
24759.0000 839 157 0.1871
24782.0000 839 158 0.1883
24785.0000 840 158 0.1881
24816.0000 841 158 0.1879
24842.0000 842 158 0.1876
24867.0000 843 158 0.1874
24901.0000 844 158 0.1872
24934.0000 845 158 0.1870
24959.0000 846 158 0.1868
24993.0000 847 158 0.1865
25026.0000 848 158 0.1863
25058.0000 849 158 0.1861
25092.0000 850 158 0.1859
25117.0000 851 158 0.1857
25149.0000 852 158 0.1854
25149.5000 852 159 0.1866
25154.5000 852 160 0.1878
25156.0000 852 161 0.1890
25180.0000 853 161 0.1887
25207.0000 854 161 0.1885
25241.0000 855 161 0.1883
25266.0000 856 161 0.1881
25295.0000 857 161 0.1879
25298.0000 857 162 0.1890
25299.5000 857 163 0.1902
25327.0000 858 163 0.1900
25353.0000 859 163 0.1898
25387.0000 860 163 0.1895
25389.0000 860 164 0.1907
25416.0000 861 164 0.1905
25441.0000 862 164 0.1903
25474.0000 863 164 0.1900
25503.0000 864 164 0.1898
25535.0000 865 164 0.1896
25563.0000 866 164 0.1894
25590.0000 867 164 0.1892
25611.5000 867 165 0.1903
25616.0000 868 165 0.1901
25627.5000 868 166 0.1912
25649.0000 869 166 0.1910
25679.0000 870 166 0.1908
25708.0000 871 166 0.1906
25735.0000 872 166 0.1904
25765.0000 873 166 0.1901
25795.0000 874 166 0.1899
25817.5000 874 167 0.1911
25826.0000 875 167 0.1909
25852.0000 876 167 0.1906
25853.0000 876 168 0.1918
25885.0000 877 168 0.1916
25914.0000 878 168 0.1913
25933.5000 878 169 0.1925
25943.0000 879 169 0.1923
25970.0000 880 169 0.1920
26003.0000 881 169 0.1918
26029.0000 882 169 0.1916
26062.0000 883 169 0.1914
26096.0000 884 169 0.1912
26100.5000 884 170 0.1923
26125.0000 885 170 0.1921
26125.0000 885 171 0.1932
26151.0000 886 171 0.1930
26162.0000 886 172 0.1941
26183.0000 887 172 0.1939
26209.0000 888 172 0.1937
26243.0000 889 172 0.1935
26256.0000 889 173 0.1946
26268.0000 890 173 0.1944
26293.0000 891 173 0.1942
26321.0000 892 173 0.1939
26354.0000 893 173 0.1937
26379.0000 894 173 0.1935
26413.0000 895 173 0.1933
26439.0000 896 173 0.1931
26471.0000 897 173 0.1929
26505.0000 898 173 0.1927
26536.0000 899 173 0.1924
26570.0000 900 173 0.1922
26596.0000 901 173 0.1920
26629.0000 902 173 0.1918
26655.0000 903 173 0.1916
26684.0000 904 173 0.1914
26713.0000 905 173 0.1912
26738.0000 906 173 0.1909
26764.0000 907 173 0.1907
26790.0000 908 173 0.1905
26820.0000 909 173 0.1903
26854.0000 910 173 0.1901
26882.0000 911 173 0.1899
26912.0000 912 173 0.1897
26942.0000 913 173 0.1895
26974.0000 914 173 0.1893
27007.0000 915 173 0.1891
27033.0000 916 173 0.1889
27067.0000 917 173 0.1887
27097.0000 918 173 0.1885
27124.0000 919 173 0.1882
27152.0000 920 173 0.1880
27184.0000 921 173 0.1878
27212.0000 922 173 0.1876
27212.5000 922 174 0.1887
27240.0000 923 174 0.1885
27267.0000 924 174 0.1883
27267.5000 924 175 0.1894
27293.5000 924 176 0.1905
27294.0000 925 176 0.1903
27322.5000 925 177 0.1914
27326.0000 926 177 0.1911
27356.0000 927 177 0.1909
27389.0000 928 177 0.1907
27416.0000 929 177 0.1905
27441.0000 930 177 0.1903
27471.0000 931 177 0.1901
27498.0000 931 178 0.1912
27504.0000 932 178 0.1910
27537.0000 933 178 0.1908
27566.0000 934 178 0.1906
27595.0000 935 178 0.1904
27626.0000 936 178 0.1902
27636.5000 936 179 0.1912
27655.0000 937 179 0.1910
27686.0000 938 179 0.1908
27714.0000 939 179 0.1906
27744.0000 940 179 0.1904
27771.0000 941 179 0.1902
27796.0000 942 179 0.1900
27830.0000 943 179 0.1898
27863.0000 944 179 0.1896
27888.0000 945 179 0.1894
27893.0000 945 180 0.1905
27920.0000 946 180 0.1903
27952.0000 947 180 0.1901
27956.5000 947 181 0.1911
27979.0000 948 181 0.1909
28004.0000 949 181 0.1907
28030.0000 950 181 0.1905
28062.0000 951 181 0.1903
28089.0000 952 181 0.1901
28119.0000 953 181 0.1899
28145.0000 954 181 0.1897
28171.0000 955 181 0.1895
28198.0000 956 181 0.1893
28228.0000 957 181 0.1891
28257.0000 958 181 0.1889
28291.0000 959 181 0.1887
28322.0000 960 181 0.1885
28348.0000 961 181 0.1883
28379.0000 962 181 0.1881
28405.5000 962 182 0.1892
28410.0000 963 182 0.1890
28444.0000 964 182 0.1888
28477.0000 965 182 0.1886
28481.0000 965 183 0.1896
28511.0000 966 183 0.1894
28543.0000 967 183 0.1892
28577.0000 968 183 0.1890
28606.0000 969 183 0.1889
28633.0000 970 183 0.1887
28661.0000 971 183 0.1885
28695.0000 972 183 0.1883
28727.0000 973 183 0.1881
28755.0000 974 183 0.1879
28784.5000 974 184 0.1889
28788.0000 975 184 0.1887
28813.0000 976 184 0.1885
28841.0000 977 184 0.1883
28875.0000 978 184 0.1881
28906.0000 979 184 0.1879
28936.0000 980 184 0.1878
28969.0000 981 184 0.1876
28982.5000 981 185 0.1886
28996.0000 982 185 0.1884
29020.5000 982 186 0.1894
29024.0000 983 186 0.1892
29058.0000 984 186 0.1890
29086.0000 985 186 0.1888
29116.0000 986 186 0.1886
29150.0000 987 186 0.1884
29178.0000 988 186 0.1883
29211.0000 989 186 0.1881
29241.0000 990 186 0.1879
29273.0000 991 186 0.1877
29302.0000 992 186 0.1875
29328.0000 993 186 0.1873
29362.0000 994 186 0.1871
29389.0000 995 186 0.1869
29416.0000 996 186 0.1867
29445.0000 997 186 0.1866
29477.0000 998 186 0.1864
29482.0000 998 187 0.1874
29503.0000 999 187 0.1872
29533.0000 1000 187 0.1870
29560.0000 1001 187 0.1868
29591.0000 1002 187 0.1866
29620.0000 1003 187 0.1864
29650.0000 1004 187 0.1863
29680.0000 1005 187 0.1861
29705.0000 1006 187 0.1859
29732.0000 1007 187 0.1857
29765.0000 1008 187 0.1855
29793.0000 1008 188 0.1865
29795.0000 1009 188 0.1863
29826.0000 1010 188 0.1861
29856.0000 1011 188 0.1860
29875.0000 1011 189 0.1869
29881.0000 1012 189 0.1868
29914.0000 1013 189 0.1866
29944.0000 1014 189 0.1864
29975.0000 1015 189 0.1862
30007.0000 1016 189 0.1860
30011.0000 1016 190 0.1870
30033.0000 1017 190 0.1868
30067.0000 1018 190 0.1866
30101.0000 1019 190 0.1865
30134.0000 1020 190 0.1863
30167.0000 1021 190 0.1861
30192.0000 1022 190 0.1859
30226.0000 1023 190 0.1857
30260.0000 1024 190 0.1855
30288.0000 1025 190 0.1854
30318.0000 1026 190 0.1852
30340.5000 1026 191 0.1862
30352.0000 1027 191 0.1860
30385.0000 1028 191 0.1858
30405.0000 1028 192 0.1868
30412.0000 1029 192 0.1866
30429.5000 1029 193 0.1876
30430.5000 1029 194 0.1885
30446.0000 1030 194 0.1883
30475.0000 1031 194 0.1882
30503.0000 1032 194 0.1880
30525.0000 1032 195 0.1890
30536.0000 1033 195 0.1888
30569.0000 1034 195 0.1886
30594.0000 1035 195 0.1884
30623.0000 1036 195 0.1882
30648.0000 1037 195 0.1880
30680.0000 1038 195 0.1879
30707.0000 1039 195 0.1877
30735.0000 1040 195 0.1875
30747.5000 1040 196 0.1885
30765.0000 1040 197 0.1894
30769.0000 1041 197 0.1892
30802.0000 1042 197 0.1891
30831.0000 1043 197 0.1889
30831.5000 1043 198 0.1898
30857.0000 1044 198 0.1897
30890.0000 1045 198 0.1895
30921.0000 1046 198 0.1893
30950.0000 1047 198 0.1891
30982.0000 1048 198 0.1889
31013.0000 1049 198 0.1888
31025.5000 1049 199 0.1897
31035.5000 1049 200 0.1907
31043.0000 1050 200 0.1905
31076.0000 1051 200 0.1903
31105.0000 1052 200 0.1901
31139.0000 1053 200 0.1899
31172.0000 1054 200 0.1898
31198.0000 1055 200 0.1896
31205.0000 1055 201 0.1905
31228.0000 1056 201 0.1903
31255.0000 1057 201 0.1902
31289.0000 1058 201 0.1900
31292.0000 1058 202 0.1909
31319.0000 1059 202 0.1907
31353.0000 1060 202 0.1906
31379.0000 1061 202 0.1904
31396.0000 1061 203 0.1913
31408.0000 1062 203 0.1911
31436.0000 1063 203 0.1910
31464.0000 1064 203 0.1908
31464.5000 1064 204 0.1917
31489.0000 1065 204 0.1915
31519.0000 1066 204 0.1914
31552.0000 1067 204 0.1912
31577.0000 1068 204 0.1910
31602.0000 1069 204 0.1908
31631.0000 1070 204 0.1907
31663.0000 1071 204 0.1905
31697.0000 1072 204 0.1903
31728.0000 1073 204 0.1901
31755.0000 1074 204 0.1899
31785.0000 1075 204 0.1898
31792.5000 1075 205 0.1907
31814.0000 1076 205 0.1905
31839.0000 1077 205 0.1903
31872.0000 1078 205 0.1902
31906.0000 1079 205 0.1900
31934.0000 1080 205 0.1898
31940.5000 1080 206 0.1907
31961.0000 1081 206 0.1906
31973.5000 1081 207 0.1915
31991.0000 1082 207 0.1913
32018.0000 1083 207 0.1911
32045.0000 1084 207 0.1910
32078.0000 1085 207 0.1908
32105.0000 1086 207 0.1906
32136.0000 1087 207 0.1904
32169.0000 1088 207 0.1903
32197.0000 1089 207 0.1901
32228.0000 1090 207 0.1899
32258.0000 1091 207 0.1897
32286.0000 1092 207 0.1896
32320.0000 1093 207 0.1894
32346.0000 1094 207 0.1892
32376.0000 1095 207 0.1890
32376.5000 1095 208 0.1900
32403.0000 1096 208 0.1898
32428.5000 1096 209 0.1907
32433.0000 1097 209 0.1905
32459.0000 1098 209 0.1903
32493.0000 1099 209 0.1902
32526.0000 1100 209 0.1900
32557.0000 1101 209 0.1898
32587.0000 1102 209 0.1897
32616.0000 1103 209 0.1895
32624.0000 1103 210 0.1904
32643.0000 1104 210 0.1902
32672.0000 1105 210 0.1900
32690.5000 1105 211 0.1910
32703.0000 1106 211 0.1908
32734.0000 1107 211 0.1906
32763.0000 1108 211 0.1904
32794.0000 1108 212 0.1913
32797.0000 1109 212 0.1912
32826.0000 1110 212 0.1910
32855.0000 1111 212 0.1908
32888.0000 1112 212 0.1906
32913.0000 1113 212 0.1905
32941.0000 1114 212 0.1903
32970.0000 1115 212 0.1901
32988.0000 1115 213 0.1910
32995.0000 1116 213 0.1909
33025.0000 1117 213 0.1907
33025.5000 1117 214 0.1916
33057.0000 1118 214 0.1914
33086.0000 1119 214 0.1912
33102.0000 1119 215 0.1921
33113.0000 1120 215 0.1920
33139.0000 1121 215 0.1918
33165.0000 1122 215 0.1916
33181.0000 1122 216 0.1925
33196.0000 1123 216 0.1923
33229.0000 1124 216 0.1922
33261.0000 1125 216 0.1920
33288.0000 1126 216 0.1918
33318.0000 1127 216 0.1917
33349.0000 1128 216 0.1915
33375.0000 1129 216 0.1913
33400.0000 1130 216 0.1912
33426.0000 1131 216 0.1910
33459.0000 1132 216 0.1908
33493.0000 1133 216 0.1906
33522.0000 1134 216 0.1905
33556.0000 1135 216 0.1903
33583.0000 1136 216 0.1901
33608.0000 1137 216 0.1900
33635.0000 1138 216 0.1898
33662.0000 1139 216 0.1896
33690.0000 1140 216 0.1895
33723.0000 1141 216 0.1893
33755.0000 1142 216 0.1891
33783.0000 1143 216 0.1890
33813.0000 1144 216 0.1888
33838.0000 1145 216 0.1886
33865.0000 1146 216 0.1885
33893.0000 1147 216 0.1883
33921.0000 1148 216 0.1882
33925.5000 1148 217 0.1890
33953.0000 1149 217 0.1889
33983.0000 1150 217 0.1887
34008.0000 1151 217 0.1885
34037.0000 1152 217 0.1884
34063.0000 1153 217 0.1882
34096.0000 1154 217 0.1880
34102.5000 1154 218 0.1889
34128.0000 1155 218 0.1887
34160.0000 1156 218 0.1886
34193.0000 1157 218 0.1884
34226.0000 1158 218 0.1883
34253.0000 1159 218 0.1881
34279.0000 1160 218 0.1879
34309.0000 1161 218 0.1878
34343.0000 1162 218 0.1876
34355.5000 1162 219 0.1885
34371.0000 1163 219 0.1883
34403.0000 1164 219 0.1881
34434.0000 1165 219 0.1880
34434.5000 1165 220 0.1888
34459.0000 1166 220 0.1887
34488.0000 1167 220 0.1885
34521.0000 1168 220 0.1884
34552.0000 1169 220 0.1882
34578.0000 1170 220 0.1880
34608.5000 1170 221 0.1889
34609.5000 1170 222 0.1897
34610.0000 1171 222 0.1896
34640.0000 1172 222 0.1894
34669.0000 1173 222 0.1893
34694.0000 1174 222 0.1891
34722.0000 1175 222 0.1889
34756.0000 1176 222 0.1888
34763.5000 1176 223 0.1896
34782.0000 1177 223 0.1895
34807.0000 1178 223 0.1893
34840.0000 1179 223 0.1891
34840.5000 1179 224 0.1900
34869.0000 1180 224 0.1898
34895.0000 1181 224 0.1897
34920.0000 1182 224 0.1895
34921.5000 1182 225 0.1904
34943.5000 1182 226 0.1912
34952.0000 1183 226 0.1910
34985.0000 1184 226 0.1909
35012.0000 1185 226 0.1907
35042.0000 1186 226 0.1906
35074.0000 1187 226 0.1904
35105.0000 1188 226 0.1902
35139.0000 1189 226 0.1901
35173.0000 1190 226 0.1899
35203.0000 1191 226 0.1898
35234.0000 1192 226 0.1896
35262.0000 1193 226 0.1894
35289.0000 1194 226 0.1893
35323.0000 1195 226 0.1891
35351.0000 1196 226 0.1890
35380.0000 1197 226 0.1888
35414.0000 1198 226 0.1886
35419.5000 1198 227 0.1895
35441.0000 1199 227 0.1893
35475.0000 1200 227 0.1892
35480.5000 1200 228 0.1900
35482.0000 1200 229 0.1908
35503.0000 1201 229 0.1907
35533.0000 1202 229 0.1905
35564.0000 1203 229 0.1904
35590.0000 1204 229 0.1902
35615.0000 1205 229 0.1900
35622.5000 1205 230 0.1909
35640.0000 1206 230 0.1907
35672.0000 1207 230 0.1906
35701.0000 1208 230 0.1904
35708.5000 1208 231 0.1912
35726.0000 1209 231 0.1911
35755.0000 1210 231 0.1909
35783.0000 1211 231 0.1908
35794.0000 1211 232 0.1916
35813.0000 1212 232 0.1914
35842.0000 1213 232 0.1913
35872.0000 1214 232 0.1911
35906.0000 1215 232 0.1909
35912.0000 1215 233 0.1918
35935.0000 1216 233 0.1916
35962.0000 1217 233 0.1915
35996.0000 1218 233 0.1913
36027.0000 1219 233 0.1911
36058.5000 1219 234 0.1920
36059.0000 1220 234 0.1918
36088.0000 1221 234 0.1916
36100.0000 1221 235 0.1925
36114.0000 1222 235 0.1923
36139.0000 1223 235 0.1922
36172.0000 1224 235 0.1920
36201.0000 1225 235 0.1918
36227.0000 1226 235 0.1917
36261.0000 1227 235 0.1915
36287.0000 1228 235 0.1914
36318.0000 1229 235 0.1912
36352.0000 1230 235 0.1911
36380.0000 1231 235 0.1909
36411.0000 1232 235 0.1907
36436.0000 1232 236 0.1916
36442.0000 1233 236 0.1914
36444.0000 1233 237 0.1922
36472.0000 1234 237 0.1921
36498.0000 1235 237 0.1919
36525.0000 1236 237 0.1917
36531.0000 1236 238 0.1926
36559.0000 1237 238 0.1924
36589.0000 1238 238 0.1922
36617.0000 1239 238 0.1921
36625.0000 1239 239 0.1929
36647.0000 1240 239 0.1927
36659.5000 1240 240 0.1935
36677.0000 1241 240 0.1934
36710.0000 1242 240 0.1932
36740.0000 1243 240 0.1931
36765.0000 1244 240 0.1929
36790.0000 1245 240 0.1928
36820.0000 1246 240 0.1926
36848.0000 1247 240 0.1925
36876.0000 1248 240 0.1923
36876.5000 1248 241 0.1931
36910.0000 1249 241 0.1930
36939.0000 1250 241 0.1928
36968.0000 1251 241 0.1926
36979.0000 1251 242 0.1934
36997.0000 1252 242 0.1933
36997.0000 1252 243 0.1941
37023.0000 1253 243 0.1939
37055.0000 1254 243 0.1938
37079.5000 1254 244 0.1946
37082.0000 1254 245 0.1954
37084.0000 1255 245 0.1952
37114.0000 1256 245 0.1951
37145.0000 1257 245 0.1949
37163.5000 1257 246 0.1957
37179.0000 1258 246 0.1955
37208.0000 1259 246 0.1954
37239.0000 1260 246 0.1952
37270.0000 1261 246 0.1951
37303.0000 1262 246 0.1949
37330.5000 1262 247 0.1957
37333.0000 1263 247 0.1956
37362.0000 1264 247 0.1954
37392.0000 1265 247 0.1953
37403.5000 1265 248 0.1960
37404.0000 1265 249 0.1968
37426.0000 1266 249 0.1967
37456.0000 1267 249 0.1965
37489.0000 1268 249 0.1964
37519.0000 1269 249 0.1962
37546.0000 1270 249 0.1961
37555.0000 1270 250 0.1969
37571.0000 1271 250 0.1967
37598.0000 1272 250 0.1965
37624.0000 1273 250 0.1964
37650.0000 1274 250 0.1962
37661.5000 1274 251 0.1970
37682.0000 1274 252 0.1978
37684.0000 1275 252 0.1976
37713.0000 1276 252 0.1975
37745.5000 1276 253 0.1983
37747.0000 1277 253 0.1981
37779.0000 1278 253 0.1980
37811.0000 1279 253 0.1978
37838.0000 1280 253 0.1977
37846.0000 1280 254 0.1984
37869.0000 1281 254 0.1983
37895.0000 1282 254 0.1981
37901.0000 1282 255 0.1989
37922.0000 1283 255 0.1988
37947.0000 1284 255 0.1986
37958.0000 1284 256 0.1994
37973.0000 1285 256 0.1992
37999.0000 1286 256 0.1991
38031.5000 1286 257 0.1998
38032.0000 1287 257 0.1997
38062.0000 1288 257 0.1995
38064.5000 1288 258 0.2003
38095.0000 1289 258 0.2002
38123.0000 1290 258 0.2000
38149.0000 1291 258 0.1998
38181.0000 1292 258 0.1997
38212.0000 1293 258 0.1995
38243.0000 1294 258 0.1994
38272.0000 1295 258 0.1992
38304.0000 1296 258 0.1991
38333.0000 1297 258 0.1989
38366.0000 1298 258 0.1988
38391.0000 1299 258 0.1986
38421.0000 1300 258 0.1985
38450.0000 1301 258 0.1983
38483.0000 1302 258 0.1982
38511.0000 1303 258 0.1980
38536.0000 1304 258 0.1979
38564.0000 1305 258 0.1977
38591.0000 1306 258 0.1975
38602.5000 1306 259 0.1983
38624.0000 1307 259 0.1982
38635.5000 1307 260 0.1989
38651.0000 1308 260 0.1988
38662.0000 1308 261 0.1995
38682.0000 1309 261 0.1994
38710.0000 1310 261 0.1992
38738.0000 1311 261 0.1991
38757.0000 1311 262 0.1998
38764.0000 1312 262 0.1997
38795.0000 1313 262 0.1995
38823.0000 1314 262 0.1994
38851.0000 1315 262 0.1992
38877.0000 1316 262 0.1991
38904.0000 1317 262 0.1989
38938.0000 1318 262 0.1988
38955.5000 1318 263 0.1995
38964.0000 1319 263 0.1994
38998.0000 1320 263 0.1992
39032.0000 1321 263 0.1991
39057.0000 1322 263 0.1989
39084.0000 1323 263 0.1988
39085.0000 1323 264 0.1995
39112.0000 1324 264 0.1994
39145.0000 1325 264 0.1992
39162.0000 1325 265 0.2000
39171.0000 1326 265 0.1998
39179.0000 1326 266 0.2006
39203.0000 1327 266 0.2005
39230.0000 1328 266 0.2003
39257.0000 1329 266 0.2002
39283.0000 1330 266 0.2000
39308.0000 1331 266 0.1998
39336.0000 1332 266 0.1997
39352.5000 1332 267 0.2005
39369.0000 1333 267 0.2003
39396.0000 1334 267 0.2001
39396.5000 1334 268 0.2009
39421.0000 1334 269 0.2016
39422.0000 1335 269 0.2015
39448.0000 1336 269 0.2013
39459.0000 1336 270 0.2021
39482.0000 1337 270 0.2019
39509.0000 1338 270 0.2018
39535.0000 1339 270 0.2016
39565.0000 1340 270 0.2015
39598.0000 1341 270 0.2013
39624.0000 1342 270 0.2012
39656.0000 1343 270 0.2010
39685.0000 1344 270 0.2009
39714.0000 1345 270 0.2007
39741.0000 1346 270 0.2006
39748.5000 1346 271 0.2013
39775.0000 1347 271 0.2012
39807.0000 1348 271 0.2010
39838.0000 1349 271 0.2009
39863.0000 1350 271 0.2007
39897.0000 1351 271 0.2006
39923.0000 1352 271 0.2004
39949.0000 1353 271 0.2003
39982.0000 1354 271 0.2001
39982.0000 1354 272 0.2009
40010.0000 1355 272 0.2007
40044.0000 1356 272 0.2006
40066.5000 1356 273 0.2013
40071.0000 1357 273 0.2012
40103.0000 1358 273 0.2010
40137.0000 1359 273 0.2009
40171.0000 1360 273 0.2007
40198.0000 1361 273 0.2006
40224.0000 1362 273 0.2004
40227.0000 1362 274 0.2012
40227.5000 1362 275 0.2019
40228.5000 1362 276 0.2026
40253.0000 1363 276 0.2025
40287.0000 1364 276 0.2023
40289.0000 1364 277 0.2031
40298.5000 1364 278 0.2038
40320.0000 1365 278 0.2037
40350.0000 1366 278 0.2035
40377.0000 1367 278 0.2034
40409.0000 1368 278 0.2032
40438.5000 1368 279 0.2039
40440.0000 1369 279 0.2038
40471.0000 1370 279 0.2036
40503.0000 1371 279 0.2035
40535.0000 1372 279 0.2034
40561.0000 1372 280 0.2041
40567.0000 1373 280 0.2039
40592.0000 1374 280 0.2038
40626.0000 1375 280 0.2036
40655.0000 1376 280 0.2035
40685.0000 1377 280 0.2033
40710.0000 1378 280 0.2032
40738.0000 1379 280 0.2030
40771.0000 1380 280 0.2029
40796.0000 1381 280 0.2028
40823.0000 1382 280 0.2026
40849.0000 1383 280 0.2025
40883.0000 1384 280 0.2023
40915.0000 1385 280 0.2022
40948.0000 1386 280 0.2020
40974.0000 1387 280 0.2019
41000.0000 1388 280 0.2017
41026.0000 1389 280 0.2016
41051.0000 1390 280 0.2014
41056.0000 1390 281 0.2022
41080.0000 1391 281 0.2020
41112.0000 1392 281 0.2019
41143.0000 1393 281 0.2017
41175.0000 1394 281 0.2016
41205.0000 1395 281 0.2014
41236.0000 1396 281 0.2013
41262.0000 1397 281 0.2011
41290.0000 1398 281 0.2010
41324.0000 1399 281 0.2009
41353.0000 1400 281 0.2007
41379.0000 1401 281 0.2006
41409.0000 1402 281 0.2004
41443.0000 1403 281 0.2003
41469.0000 1404 281 0.2001
41500.0000 1405 281 0.2000
41526.0000 1406 281 0.1999
41552.0000 1407 281 0.1997
41580.0000 1408 281 0.1996
41606.0000 1409 281 0.1994
41637.0000 1410 281 0.1993
41664.0000 1411 281 0.1991
41691.0000 1412 281 0.1990
41718.0000 1413 281 0.1989
41752.0000 1414 281 0.1987
41752.5000 1414 282 0.1994
41777.0000 1415 282 0.1993
41781.0000 1415 283 0.2000
41810.0000 1416 283 0.1999
41817.5000 1416 284 0.2006
41837.0000 1417 284 0.2004
41865.0000 1418 284 0.2003
41874.0000 1418 285 0.2010
41896.5000 1418 286 0.2017
41898.0000 1419 286 0.2016
41923.0000 1420 286 0.2014
41953.0000 1421 286 0.2013
41983.0000 1422 286 0.2011
42000.0000 1422 287 0.2018
42009.0000 1423 287 0.2017
42037.0000 1424 287 0.2015
42067.0000 1425 287 0.2014
42094.0000 1426 287 0.2013
42123.0000 1427 287 0.2011
42150.0000 1427 288 0.2018
42152.5000 1427 289 0.2025
42154.0000 1428 289 0.2024
42180.0000 1429 289 0.2022
42208.0000 1430 289 0.2021
42238.0000 1431 289 0.2020
42263.0000 1432 289 0.2018
42275.0000 1432 290 0.2025
42288.0000 1433 290 0.2024
42314.0000 1434 290 0.2022
42342.0000 1435 290 0.2021
42367.0000 1436 290 0.2019
42394.0000 1437 290 0.2018
42427.0000 1438 290 0.2017
42460.0000 1439 290 0.2015
42489.0000 1440 290 0.2014
42515.5000 1440 291 0.2021
42517.0000 1441 291 0.2019
42547.0000 1442 291 0.2018
42579.0000 1443 291 0.2017
42610.0000 1444 291 0.2015
42642.0000 1445 291 0.2014
42675.0000 1446 291 0.2012
42700.0000 1447 291 0.2011
42727.0000 1448 291 0.2010
42757.0000 1449 291 0.2008
42767.0000 1449 292 0.2015
42783.0000 1450 292 0.2014
42791.0000 1450 293 0.2021
42817.0000 1451 293 0.2019
42843.0000 1452 293 0.2018
42875.0000 1453 293 0.2017
42900.0000 1454 293 0.2015
42925.0000 1455 293 0.2014
42958.0000 1456 293 0.2012
42986.0000 1457 293 0.2011
42996.0000 1457 294 0.2018
43012.0000 1458 294 0.2016
43041.0000 1459 294 0.2015
43068.0000 1460 294 0.2014
43079.0000 1460 295 0.2021
43096.0000 1461 295 0.2019
43126.0000 1462 295 0.2018
43154.0000 1463 295 0.2016
43180.0000 1464 295 0.2015
43207.0000 1465 295 0.2014
43239.0000 1466 295 0.2012
43266.0000 1467 295 0.2011
43299.0000 1468 295 0.2010
43308.0000 1468 296 0.2016
43323.5000 1468 297 0.2023
43332.0000 1469 297 0.2022
43364.0000 1470 297 0.2020
43389.0000 1471 297 0.2019
43407.0000 1471 298 0.2026
43417.0000 1472 298 0.2024
43427.5000 1472 299 0.2031
43443.0000 1473 299 0.2030
43472.0000 1474 299 0.2028
43502.0000 1475 299 0.2027
43502.0000 1475 300 0.2034
43535.0000 1476 300 0.2033
43566.0000 1477 300 0.2031
43566.5000 1477 301 0.2038
43596.0000 1478 301 0.2037
43630.0000 1479 301 0.2035
43656.0000 1480 301 0.2034
43682.0000 1481 301 0.2032
43707.0000 1482 301 0.2031
43741.0000 1483 301 0.2030
43768.0000 1484 301 0.2028
43798.0000 1485 301 0.2027
43831.0000 1486 301 0.2026
43864.0000 1487 301 0.2024
43893.0000 1488 301 0.2023
43921.0000 1489 301 0.2021
43954.0000 1490 301 0.2020
43988.0000 1491 301 0.2019
44015.0000 1492 301 0.2017
44046.0000 1493 301 0.2016
44077.0000 1494 301 0.2015
44102.0000 1495 301 0.2013
44121.0000 1495 302 0.2020
44128.0000 1496 302 0.2019
44155.0000 1497 302 0.2017
44183.0000 1498 302 0.2016
44209.0000 1499 302 0.2015
44241.0000 1500 302 0.2013
44274.0000 1501 302 0.2012
44284.5000 1501 303 0.2019
44304.0000 1501 304 0.2025
44308.0000 1502 304 0.2024
44334.0000 1503 304 0.2023
44359.0000 1504 304 0.2021
44390.0000 1505 304 0.2020
44424.0000 1506 304 0.2019
44450.0000 1507 304 0.2017
44478.0000 1508 304 0.2016
44510.0000 1508 305 0.2023
44511.0000 1509 305 0.2021
44512.0000 1509 306 0.2028
44512.0000 1509 307 0.2034
44539.0000 1510 307 0.2033
44566.0000 1511 307 0.2032
44591.5000 1511 308 0.2038
44596.0000 1512 308 0.2037
44596.5000 1512 309 0.2044
44625.0000 1513 309 0.2042
44657.0000 1514 309 0.2041
44686.0000 1515 309 0.2040
44713.0000 1516 309 0.2038
44740.0000 1517 309 0.2037
44772.0000 1518 309 0.2036
44788.0000 1518 310 0.2042
44797.0000 1519 310 0.2041
44826.0000 1520 310 0.2039
44852.0000 1521 310 0.2038
44855.5000 1521 311 0.2045
44884.0000 1522 311 0.2043
44910.0000 1523 311 0.2042
44936.0000 1524 311 0.2041
44970.0000 1525 311 0.2039
44996.0000 1526 311 0.2038
45028.0000 1527 311 0.2037
45053.0000 1528 311 0.2035
45081.0000 1529 311 0.2034
45105.5000 1529 312 0.2041
45113.0000 1530 312 0.2039
45139.0000 1531 312 0.2038
45139.5000 1531 313 0.2044
45146.0000 1531 314 0.2051
45156.5000 1531 315 0.2057
45166.5000 1531 316 0.2064
45170.0000 1532 316 0.2063
45177.5000 1532 317 0.2069
45203.0000 1533 317 0.2068
45231.0000 1534 317 0.2066
45264.0000 1535 317 0.2065
45293.0000 1536 317 0.2064
45327.0000 1537 317 0.2062
45334.5000 1537 318 0.2069
45345.5000 1537 319 0.2075
45358.0000 1538 319 0.2074
45384.0000 1539 319 0.2073
45414.0000 1540 319 0.2071
45444.0000 1541 319 0.2070
45469.0000 1542 319 0.2069
45475.0000 1542 320 0.2075
45502.0000 1543 320 0.2074
45536.0000 1544 320 0.2073
45537.0000 1544 321 0.2079
45537.5000 1544 322 0.2085
45567.0000 1545 322 0.2084
45594.0000 1546 322 0.2083
45622.0000 1547 322 0.2081
45626.5000 1547 323 0.2088
45654.0000 1548 323 0.2087
45688.0000 1549 323 0.2085
45713.0000 1550 323 0.2084
45747.0000 1551 323 0.2083
45777.0000 1552 323 0.2081
45808.0000 1553 323 0.2080
45834.0000 1554 323 0.2079
45863.0000 1555 323 0.2077
45892.0000 1556 323 0.2076
45926.0000 1557 323 0.2075
45956.0000 1558 323 0.2073
45966.0000 1558 324 0.2080
45983.0000 1559 324 0.2078
46016.0000 1560 324 0.2077
46047.0000 1561 324 0.2076
46075.0000 1562 324 0.2074
46107.0000 1563 324 0.2073
46119.0000 1563 325 0.2079
46134.0000 1564 325 0.2078
46163.5000 1564 326 0.2084
46165.0000 1565 326 0.2083
46198.0000 1566 326 0.2082
46229.0000 1567 326 0.2080
46258.0000 1568 326 0.2079
46260.5000 1568 327 0.2085
46288.0000 1569 327 0.2084
46305.0000 1569 328 0.2091
46314.0000 1570 328 0.2089
46345.0000 1571 328 0.2088
46376.0000 1572 328 0.2087
46409.0000 1573 328 0.2085
46427.5000 1573 329 0.2092
46443.0000 1574 329 0.2090
46474.0000 1575 329 0.2089
46503.0000 1576 329 0.2088
46535.0000 1577 329 0.2086
46567.0000 1578 329 0.2085
46574.0000 1578 330 0.2091
46599.0000 1579 330 0.2090
46624.0000 1580 330 0.2089
46652.0000 1581 330 0.2087
46685.0000 1582 330 0.2086
46712.0000 1583 330 0.2085
46714.0000 1583 331 0.2091
46742.0000 1584 331 0.2090
46772.0000 1585 331 0.2088
46795.5000 1585 332 0.2095
46800.0000 1586 332 0.2093
46832.0000 1587 332 0.2092
46857.5000 1587 333 0.2098
46863.0000 1588 333 0.2097
46888.0000 1589 333 0.2096
46915.0000 1590 333 0.2094
46945.0000 1591 333 0.2093
46972.0000 1592 333 0.2092
46997.0000 1593 333 0.2090
47030.0000 1594 333 0.2089
47051.0000 1594 334 0.2095
47059.0000 1595 334 0.2094
47092.0000 1596 334 0.2093
47119.0000 1597 334 0.2091
47137.0000 1597 335 0.2098
47145.0000 1598 335 0.2096
47174.0000 1599 335 0.2095
47199.0000 1600 335 0.2094
47233.0000 1601 335 0.2092
47260.0000 1602 335 0.2091
47291.0000 1603 335 0.2090
47325.0000 1604 335 0.2089
47356.0000 1605 335 0.2087
47388.0000 1606 335 0.2086
47418.0000 1607 335 0.2085
47424.0000 1607 336 0.2091
47451.0000 1608 336 0.2090
47473.5000 1608 337 0.2096
47484.0000 1609 337 0.2094
47516.0000 1610 337 0.2093
47542.0000 1611 337 0.2092
47570.0000 1612 337 0.2091
47596.0000 1613 337 0.2089
47627.0000 1614 337 0.2088
47659.0000 1615 337 0.2087
47684.0000 1615 338 0.2093
47691.0000 1616 338 0.2092
47718.5000 1616 339 0.2098
47721.0000 1617 339 0.2096
47750.0000 1618 339 0.2095
47780.0000 1619 339 0.2094
47811.0000 1620 339 0.2093
47837.0000 1621 339 0.2091
47870.0000 1622 339 0.2090
47898.0000 1623 339 0.2089
47923.0000 1624 339 0.2087
47956.0000 1625 339 0.2086
47984.0000 1626 339 0.2085
48011.0000 1627 339 0.2084
48045.0000 1628 339 0.2082
48046.0000 1628 340 0.2088
48070.0000 1629 340 0.2087
48099.0000 1630 340 0.2086
48131.0000 1631 340 0.2085
48141.5000 1631 341 0.2091
48143.0000 1631 342 0.2097
48157.0000 1631 343 0.2103
48158.0000 1632 343 0.2102
48158.0000 1632 344 0.2108
48184.0000 1633 344 0.2107
48217.0000 1634 344 0.2105
48249.0000 1635 344 0.2104
48283.0000 1636 344 0.2103
48312.0000 1637 344 0.2101
48342.0000 1638 344 0.2100
48375.0000 1639 344 0.2099
48406.0000 1640 344 0.2098
48437.0000 1641 344 0.2096
48465.0000 1642 344 0.2095
48490.0000 1643 344 0.2094
48520.0000 1644 344 0.2092
48536.5000 1644 345 0.2099
48550.0000 1645 345 0.2097
48575.0000 1646 345 0.2096
48602.0000 1647 345 0.2095
48627.0000 1648 345 0.2093
48656.0000 1649 345 0.2092
48674.5000 1649 346 0.2098
48682.0000 1650 346 0.2097
48700.0000 1650 347 0.2103
48709.0000 1651 347 0.2102
48737.0000 1652 347 0.2100
48765.0000 1653 347 0.2099
48797.0000 1654 347 0.2098
48830.0000 1655 347 0.2097
48844.0000 1655 348 0.2103
48856.0000 1656 348 0.2101
48885.0000 1657 348 0.2100
48918.0000 1658 348 0.2099
48945.0000 1659 348 0.2098
48970.0000 1660 348 0.2096
48995.0000 1661 348 0.2095
49020.0000 1661 349 0.2101
49028.0000 1662 349 0.2100
49054.0000 1663 349 0.2099
49082.0000 1664 349 0.2097
49114.0000 1665 349 0.2096
49144.0000 1666 349 0.2095
49165.0000 1666 350 0.2101
49169.0000 1667 350 0.2100
49196.0000 1668 350 0.2098
49226.0000 1669 350 0.2097
49260.0000 1670 350 0.2096
49285.0000 1671 350 0.2095
49285.5000 1671 351 0.2101
49315.0000 1672 351 0.2099
49340.0000 1673 351 0.2098
49362.5000 1673 352 0.2104
49370.0000 1674 352 0.2103
49400.0000 1675 352 0.2101
49430.0000 1676 352 0.2100
49458.0000 1677 352 0.2099
49492.0000 1678 352 0.2098
49525.0000 1679 352 0.2096
49531.0000 1679 353 0.2102
49551.0000 1680 353 0.2101
49579.0000 1681 353 0.2100
49611.0000 1682 353 0.2099
49640.0000 1683 353 0.2097
49645.5000 1683 354 0.2103
49666.0000 1684 354 0.2102
49698.0000 1685 354 0.2101
49723.0000 1686 354 0.2100
49748.0000 1687 354 0.2098
49774.0000 1688 354 0.2097
49806.0000 1689 354 0.2096
49837.0000 1690 354 0.2095
49865.0000 1691 354 0.2093
49890.0000 1692 354 0.2092
49911.5000 1692 355 0.2098
49915.0000 1693 355 0.2097
49941.0000 1694 355 0.2096
49972.0000 1695 355 0.2094
49991.0000 1695 356 0.2100
50006.0000 1696 356 0.2099
50031.0000 1697 356 0.2098
50064.0000 1698 356 0.2097
50089.5000 1698 357 0.2102
50091.0000 1699 357 0.2101
50118.0000 1700 357 0.2100
50149.0000 1701 357 0.2099
50167.0000 1701 358 0.2105
50181.0000 1702 358 0.2103
50211.0000 1703 358 0.2102
50238.0000 1704 358 0.2101
50241.5000 1704 359 0.2107
50267.0000 1705 359 0.2106
50278.0000 1705 360 0.2111
50300.0000 1706 360 0.2110
50326.0000 1707 360 0.2109
50342.0000 1707 361 0.2115
50351.0000 1708 361 0.2114
50381.0000 1709 361 0.2112
50413.0000 1710 361 0.2111
50443.0000 1711 361 0.2110
50461.5000 1711 362 0.2116
50473.0000 1712 362 0.2114
50503.0000 1713 362 0.2113
50533.0000 1714 362 0.2112
50562.0000 1715 362 0.2111
50562.5000 1715 363 0.2117
50590.0000 1716 363 0.2115
50616.0000 1717 363 0.2114
50641.0000 1718 363 0.2113
50641.5000 1718 364 0.2119
50675.0000 1719 364 0.2118
50708.0000 1720 364 0.2116
50734.0000 1721 364 0.2115
50759.0000 1722 364 0.2114
50784.0000 1723 364 0.2113
50811.0000 1724 364 0.2111
50843.0000 1725 364 0.2110
50877.0000 1726 364 0.2109
50877.5000 1726 365 0.2115
50909.0000 1727 365 0.2113
50932.0000 1727 366 0.2119
50940.0000 1728 366 0.2118
50966.0000 1729 366 0.2117
50993.0000 1730 366 0.2116
51019.0000 1731 366 0.2114
51049.0000 1732 366 0.2113
51079.0000 1733 366 0.2112
51105.0000 1734 366 0.2111
51131.0000 1735 366 0.2110
51152.0000 1735 367 0.2115
51160.0000 1736 367 0.2114
51186.0000 1737 367 0.2113
51214.0000 1738 367 0.2112
51248.0000 1739 367 0.2110
51278.0000 1740 367 0.2109
51295.5000 1740 368 0.2115
51312.0000 1741 368 0.2114
51343.5000 1741 369 0.2119
51346.0000 1742 369 0.2118
51380.0000 1743 369 0.2117
51413.0000 1744 369 0.2116
51441.0000 1745 369 0.2115
51468.0000 1746 369 0.2113
51498.0000 1747 369 0.2112
51524.0000 1748 369 0.2111
51539.5000 1748 370 0.2117
51556.0000 1749 370 0.2115
51585.0000 1750 370 0.2114
51611.0000 1751 370 0.2113
51637.0000 1752 370 0.2112
51657.0000 1752 371 0.2118
51671.0000 1753 371 0.2116
51700.0000 1754 371 0.2115
51727.0000 1755 371 0.2114
51760.0000 1756 371 0.2113
51788.0000 1757 371 0.2112
51819.0000 1758 371 0.2110
51846.0000 1759 371 0.2109
51876.0000 1760 371 0.2108
51904.0000 1761 371 0.2107
51926.0000 1761 372 0.2112
51930.0000 1762 372 0.2111
51957.0000 1763 372 0.2110
51972.5000 1763 373 0.2116
51991.0000 1764 373 0.2115
52020.0000 1765 373 0.2113
52049.0000 1766 373 0.2112
52082.0000 1767 373 0.2111
52111.0000 1768 373 0.2110
52142.0000 1769 373 0.2109
52173.0000 1770 373 0.2107
52202.0000 1771 373 0.2106
52232.0000 1772 373 0.2105
52257.0000 1773 373 0.2104
52271.0000 1773 374 0.2109
52289.0000 1774 374 0.2108
52316.0000 1775 374 0.2107
52349.0000 1776 374 0.2106
52359.5000 1776 375 0.2111
52364.5000 1776 376 0.2117
52378.0000 1777 376 0.2116
52395.0000 1777 377 0.2122
52408.0000 1778 377 0.2120
52435.0000 1779 377 0.2119
52464.0000 1780 377 0.2118
52489.0000 1781 377 0.2117
52522.0000 1782 377 0.2116
52523.0000 1782 378 0.2121
52550.0000 1783 378 0.2120
52576.0000 1784 378 0.2119
52604.0000 1785 378 0.2118
52616.0000 1785 379 0.2123
52636.0000 1786 379 0.2122
52667.0000 1787 379 0.2121
52701.0000 1788 379 0.2120
52732.0000 1789 379 0.2119
52751.5000 1789 380 0.2124
52763.0000 1790 380 0.2123
52790.0000 1791 380 0.2122
52795.0000 1791 381 0.2127
52821.0000 1792 381 0.2126
52855.0000 1793 381 0.2125
52882.0000 1794 381 0.2124
52912.0000 1795 381 0.2123
52938.0000 1796 381 0.2121
52971.0000 1797 381 0.2120
52999.0000 1798 381 0.2119
53027.0000 1799 381 0.2118
53061.0000 1800 381 0.2117
53092.0000 1801 381 0.2115
53092.5000 1801 382 0.2121
53117.0000 1802 382 0.2120
53145.0000 1803 382 0.2119
53174.0000 1804 382 0.2118
53203.0000 1805 382 0.2116
53232.0000 1806 382 0.2115
53232.5000 1806 383 0.2121
53260.0000 1807 383 0.2120
53286.0000 1808 383 0.2118
53317.0000 1809 383 0.2117
53348.0000 1810 383 0.2116
53378.0000 1811 383 0.2115
53407.0000 1812 383 0.2114
53437.0000 1813 383 0.2113
53462.0000 1814 383 0.2111
53495.0000 1815 383 0.2110
53527.0000 1816 383 0.2109
53558.0000 1817 383 0.2108
53583.0000 1818 383 0.2107
53591.0000 1818 384 0.2112
53610.0000 1819 384 0.2111
53641.0000 1820 384 0.2110
53672.0000 1821 384 0.2109
53705.0000 1822 384 0.2108
53737.0000 1823 384 0.2106
53768.0000 1824 384 0.2105
53797.0000 1825 384 0.2104
53824.0000 1826 384 0.2103
53856.0000 1827 384 0.2102
53881.0000 1828 384 0.2101
53909.0000 1829 384 0.2100
53941.0000 1830 384 0.2098
53975.0000 1831 384 0.2097
53987.5000 1831 385 0.2103
54009.0000 1832 385 0.2102
54011.5000 1832 386 0.2107
54038.0000 1833 386 0.2106
54072.0000 1834 386 0.2105
54100.0000 1835 386 0.2104
54130.0000 1836 386 0.2102
54161.0000 1837 386 0.2101
54193.0000 1838 386 0.2100
54222.0000 1839 386 0.2099
54253.0000 1840 386 0.2098
54278.0000 1841 386 0.2097
54311.0000 1842 386 0.2096
54342.0000 1843 386 0.2094
54375.0000 1844 386 0.2093
54401.0000 1845 386 0.2092
54404.0000 1845 387 0.2098
54435.0000 1846 387 0.2096
54446.5000 1846 388 0.2102
54467.0000 1847 388 0.2101
54494.0000 1848 388 0.2100
54525.0000 1849 388 0.2098
54555.0000 1849 389 0.2104
54557.0000 1850 389 0.2103
54583.0000 1851 389 0.2102
54615.0000 1852 389 0.2100
54625.5000 1852 390 0.2106
54640.0000 1853 390 0.2105
54671.0000 1854 390 0.2104
54697.0000 1855 390 0.2102
54724.0000 1856 390 0.2101
54752.0000 1857 390 0.2100
54781.0000 1858 390 0.2099
54806.0000 1859 390 0.2098
54835.0000 1860 390 0.2097
54862.0000 1861 390 0.2096
54891.0000 1862 390 0.2095
54921.0000 1863 390 0.2093
54949.0000 1864 390 0.2092
54978.0000 1865 390 0.2091
55011.0000 1866 390 0.2090
55021.0000 1866 391 0.2095
55043.0000 1867 391 0.2094
55070.0000 1868 391 0.2093
55104.0000 1869 391 0.2092
55134.0000 1870 391 0.2091
55161.0000 1871 391 0.2090
55193.0000 1872 391 0.2089
55211.0000 1872 392 0.2094
55224.0000 1873 392 0.2093
55251.0000 1874 392 0.2092
55280.0000 1875 392 0.2091
55309.0000 1876 392 0.2090
55337.0000 1877 392 0.2088
55366.0000 1878 392 0.2087
55391.0000 1879 392 0.2086
55418.0000 1880 392 0.2085
55448.0000 1881 392 0.2084
55477.0000 1882 392 0.2083
55510.0000 1883 392 0.2082
55540.0000 1884 392 0.2081
55573.0000 1885 392 0.2080
55599.0000 1886 392 0.2078
55624.0000 1887 392 0.2077
55653.0000 1888 392 0.2076
55687.0000 1889 392 0.2075
55718.0000 1890 392 0.2074
55746.0000 1891 392 0.2073
55777.0000 1892 392 0.2072
55807.0000 1893 392 0.2071
55835.0000 1894 392 0.2070
55868.0000 1895 392 0.2069
55896.0000 1896 392 0.2068
55928.0000 1897 392 0.2066
55959.0000 1898 392 0.2065
55985.0000 1899 392 0.2064
56011.0000 1900 392 0.2063
56036.0000 1901 392 0.2062
56069.0000 1902 392 0.2061
56103.0000 1903 392 0.2060
56135.0000 1904 392 0.2059
56135.0000 1904 393 0.2064
56162.0000 1905 393 0.2063
56191.0000 1906 393 0.2062
56220.0000 1907 393 0.2061
56249.0000 1908 393 0.2060
56281.0000 1909 393 0.2059
56293.5000 1909 394 0.2064
56311.0000 1910 394 0.2063
56343.0000 1911 394 0.2062
56343.5000 1911 395 0.2067
56371.0000 1912 395 0.2066
56402.0000 1913 395 0.2065
56433.0000 1914 395 0.2064
56460.0000 1915 395 0.2063
56487.0000 1916 395 0.2062
56517.0000 1917 395 0.2061
56547.0000 1918 395 0.2059
56578.0000 1919 395 0.2058
56608.0000 1920 395 0.2057
56615.0000 1920 396 0.2063
56620.0000 1920 397 0.2068
56638.0000 1921 397 0.2067
56670.0000 1922 397 0.2066
56693.5000 1922 398 0.2071
56698.0000 1923 398 0.2070
56700.0000 1923 399 0.2075
56727.0000 1924 399 0.2074
56759.0000 1925 399 0.2073
56792.0000 1926 399 0.2072
56824.0000 1927 399 0.2071
56832.0000 1927 400 0.2076
56853.0000 1928 400 0.2075
56853.5000 1928 401 0.2080
56880.0000 1929 401 0.2079
56912.0000 1930 401 0.2078
56917.5000 1930 402 0.2083
56946.0000 1931 402 0.2082
56973.0000 1932 402 0.2081
56973.5000 1932 403 0.2086
57001.0000 1933 403 0.2085
57031.0000 1934 403 0.2084
57057.0000 1935 403 0.2083
57083.0000 1936 403 0.2082
57109.0000 1937 403 0.2081
57123.0000 1937 404 0.2086
57137.5000 1937 405 0.2091
57141.0000 1938 405 0.2090
57164.0000 1938 406 0.2095
57169.0000 1939 406 0.2094
57201.0000 1940 406 0.2093
57229.0000 1941 406 0.2092
57255.0000 1942 406 0.2091
57286.0000 1943 406 0.2090
57317.0000 1944 406 0.2088
57344.0000 1945 406 0.2087
57369.0000 1946 406 0.2086
57395.0000 1947 406 0.2085
57428.0000 1948 406 0.2084
57459.0000 1949 406 0.2083
57486.0000 1950 406 0.2082
57519.0000 1951 406 0.2081
57540.0000 1951 407 0.2086
57544.0000 1952 407 0.2085
57576.0000 1953 407 0.2084
