# messageDelay  cumulativeProbability
0.5000 0.0005
0.5000 0.0010
0.5000 0.0015
0.5000 0.0020
0.5000 0.0026
0.5000 0.0031
0.5000 0.0036
0.5000 0.0041
0.5000 0.0046
0.5000 0.0051
0.5000 0.0056
0.5000 0.0061
0.5000 0.0067
0.5000 0.0072
0.5000 0.0077
0.5000 0.0082
0.5000 0.0087
0.5000 0.0092
0.5000 0.0097
0.5000 0.0102
0.5000 0.0108
0.5000 0.0113
0.5000 0.0118
0.5000 0.0123
0.5000 0.0128
0.5000 0.0133
0.5000 0.0138
0.5000 0.0143
0.5000 0.0148
0.5000 0.0154
0.5000 0.0159
0.5000 0.0164
0.5000 0.0169
0.5000 0.0174
0.5000 0.0179
0.5000 0.0184
5.0000 0.0189
22.5000 0.0195
38.5000 0.0200
65.5000 0.0205
92.0000 0.0210
102.0000 0.0215
109.5000 0.0220
133.0000 0.0225
141.0000 0.0230
142.0000 0.0236
142.0000 0.0241
150.5000 0.0246
180.0000 0.0251
201.5000 0.0256
235.5000 0.0261
244.0000 0.0266
245.0000 0.0271
269.0000 0.0276
290.0000 0.0282
292.5000 0.0287
326.0000 0.0292
329.5000 0.0297
334.0000 0.0302
343.5000 0.0307
350.0000 0.0312
355.0000 0.0317
374.0000 0.0323
406.0000 0.0328
407.5000 0.0333
416.5000 0.0338
419.5000 0.0343
425.5000 0.0348
537.5000 0.0353
557.0000 0.0358
582.5000 0.0364
628.5000 0.0369
647.5000 0.0374
648.5000 0.0379
655.0000 0.0384
670.5000 0.0389
685.0000 0.0394
687.5000 0.0399
689.0000 0.0405
702.5000 0.0410
713.0000 0.0415
756.5000 0.0420
792.0000 0.0425
820.0000 0.0430
821.0000 0.0435
824.5000 0.0440
834.5000 0.0445
846.0000 0.0451
846.5000 0.0456
849.0000 0.0461
891.0000 0.0466
929.5000 0.0471
975.5000 0.0476
977.5000 0.0481
995.0000 0.0486
1003.5000 0.0492
1055.0000 0.0497
1068.0000 0.0502
1074.5000 0.0507
1084.0000 0.0512
1118.5000 0.0517
1131.5000 0.0522
1137.5000 0.0527
1150.0000 0.0533
1157.5000 0.0538
1178.5000 0.0543
1181.0000 0.0548
1211.0000 0.0553
1300.5000 0.0558
1339.5000 0.0563
1354.0000 0.0568
1355.5000 0.0573
1379.5000 0.0579
1415.0000 0.0584
1442.5000 0.0589
1486.5000 0.0594
1519.0000 0.0599
1521.5000 0.0604
1550.0000 0.0609
1662.5000 0.0614
1708.0000 0.0620
1716.0000 0.0625
1716.0000 0.0630
1720.0000 0.0635
1732.5000 0.0640
1737.5000 0.0645
1751.0000 0.0650
1769.5000 0.0655
1807.5000 0.0661
1819.5000 0.0666
1922.0000 0.0671
1953.5000 0.0676
1954.5000 0.0681
1981.0000 0.0686
1981.5000 0.0691
1988.0000 0.0696
1999.5000 0.0701
2020.5000 0.0707
2034.0000 0.0712
2036.0000 0.0717
2061.5000 0.0722
2099.5000 0.0727
2110.5000 0.0732
2138.0000 0.0737
2153.0000 0.0742
2200.0000 0.0748
2214.5000 0.0753
2267.5000 0.0758
2286.0000 0.0763
2308.0000 0.0768
2317.0000 0.0773
2323.5000 0.0778
2325.0000 0.0783
2329.0000 0.0789
2337.0000 0.0794
2407.0000 0.0799
2416.0000 0.0804
2441.5000 0.0809
2526.0000 0.0814
2529.0000 0.0819
2556.0000 0.0824
2571.0000 0.0829
2595.0000 0.0835
2629.0000 0.0840
2643.0000 0.0845
2671.5000 0.0850
2735.5000 0.0855
2751.0000 0.0860
2759.0000 0.0865
2764.0000 0.0870
2806.0000 0.0876
2842.0000 0.0881
2848.5000 0.0886
2852.0000 0.0891
2877.0000 0.0896
2916.0000 0.0901
2921.0000 0.0906
2927.0000 0.0911
2940.5000 0.0917
2941.5000 0.0922
2963.0000 0.0927
2984.5000 0.0932
3026.5000 0.0937
3048.0000 0.0942
3048.0000 0.0947
3052.0000 0.0952
3099.5000 0.0958
3106.5000 0.0963
3158.5000 0.0968
3163.5000 0.0973
3183.0000 0.0978
3184.5000 0.0983
3193.0000 0.0988
3207.0000 0.0993
3234.5000 0.0998
3250.5000 0.1004
3263.0000 0.1009
3270.5000 0.1014
3277.5000 0.1019
3301.5000 0.1024
3345.5000 0.1029
3384.5000 0.1034
3395.0000 0.1039
3430.0000 0.1045
3467.0000 0.1050
3470.5000 0.1055
3508.0000 0.1060
3515.0000 0.1065
3540.0000 0.1070
3573.5000 0.1075
3577.5000 0.1080
3579.5000 0.1086
3630.5000 0.1091
3634.5000 0.1096
3703.0000 0.1101
3740.5000 0.1106
3742.0000 0.1111
3749.0000 0.1116
3749.0000 0.1121
3770.5000 0.1126
3774.5000 0.1132
3802.0000 0.1137
3811.5000 0.1142
3875.0000 0.1147
3894.5000 0.1152
3904.5000 0.1157
3919.0000 0.1162
3927.0000 0.1167
3940.0000 0.1173
3963.0000 0.1178
3990.5000 0.1183
4042.5000 0.1188
4050.5000 0.1193
4090.5000 0.1198
4117.0000 0.1203
4162.0000 0.1208
4162.5000 0.1214
4169.5000 0.1219
4197.5000 0.1224
4203.5000 0.1229
4212.5000 0.1234
4216.5000 0.1239
4235.0000 0.1244
4255.5000 0.1249
4263.5000 0.1254
4313.5000 0.1260
4318.0000 0.1265
4402.0000 0.1270
4439.5000 0.1275
4525.5000 0.1280
4531.0000 0.1285
4532.5000 0.1290
4560.5000 0.1295
4620.5000 0.1301
4735.5000 0.1306
4792.5000 0.1311
4826.0000 0.1316
4886.0000 0.1321
4891.5000 0.1326
4892.5000 0.1331
4917.0000 0.1336
5105.5000 0.1342
5173.5000 0.1347
5223.0000 0.1352
5261.0000 0.1357
5277.0000 0.1362
5290.5000 0.1367
5300.0000 0.1372
5306.5000 0.1377
5350.5000 0.1382
5388.0000 0.1388
5452.5000 0.1393
5474.0000 0.1398
5476.0000 0.1403
5482.0000 0.1408
5527.5000 0.1413
5566.0000 0.1418
5577.5000 0.1423
5609.0000 0.1429
5644.5000 0.1434
5729.0000 0.1439
5866.0000 0.1444
5928.5000 0.1449
5990.0000 0.1454
6029.0000 0.1459
6061.0000 0.1464
6114.5000 0.1470
6189.0000 0.1475
6236.0000 0.1480
6285.0000 0.1485
6287.5000 0.1490
6288.5000 0.1495
6299.0000 0.1500
6342.5000 0.1505
6358.0000 0.1510
6403.0000 0.1516
6414.5000 0.1521
6438.0000 0.1526
6449.5000 0.1531
6500.0000 0.1536
6511.5000 0.1541
6741.0000 0.1546
6775.5000 0.1551
6792.0000 0.1557
6792.0000 0.1562
6853.0000 0.1567
6855.0000 0.1572
6973.5000 0.1577
7084.0000 0.1582
7155.5000 0.1587
7168.0000 0.1592
7283.0000 0.1598
7337.5000 0.1603
7447.0000 0.1608
7452.0000 0.1613
7544.0000 0.1618
7570.5000 0.1623
7633.5000 0.1628
7817.0000 0.1633
7825.5000 0.1639
8268.0000 0.1644
8337.0000 0.1649
8369.0000 0.1654
8612.0000 0.1659
8732.0000 0.1664
8818.5000 0.1669
8924.5000 0.1674
8959.5000 0.1679
8988.5000 0.1685
9146.5000 0.1690
9170.5000 0.1695
9182.5000 0.1700
9199.0000 0.1705
9281.0000 0.1710
9327.0000 0.1715
9511.0000 0.1720
9533.0000 0.1726
9575.0000 0.1731
9737.5000 0.1736
9790.0000 0.1741
9850.5000 0.1746
9921.5000 0.1751
10093.0000 0.1756
10117.0000 0.1761
10128.0000 0.1767
10186.0000 0.1772
10200.0000 0.1777
10367.0000 0.1782
10400.5000 0.1787
10448.0000 0.1792
10467.0000 0.1797
10551.0000 0.1802
10628.0000 0.1807
10978.5000 0.1813
10986.0000 0.1818
11137.5000 0.1823
11177.0000 0.1828
11338.0000 0.1833
11345.5000 0.1838
11522.5000 0.1843
11526.0000 0.1848
11590.0000 0.1854
11732.0000 0.1859
11755.5000 0.1864
11892.0000 0.1869
12061.5000 0.1874
12167.5000 0.1879
12280.0000 0.1884
12509.5000 0.1889
12515.5000 0.1895
12533.0000 0.1900
12563.0000 0.1905
12670.5000 0.1910
12730.0000 0.1915
12746.5000 0.1920
12791.5000 0.1925
13182.5000 0.1930
13378.5000 0.1935
13400.0000 0.1941
13551.5000 0.1946
13704.5000 0.1951
13778.5000 0.1956
13888.0000 0.1961
14287.5000 0.1966
14720.5000 0.1971
14839.5000 0.1976
14962.0000 0.1982
14962.5000 0.1987
15077.0000 0.1992
15113.5000 0.1997
15217.0000 0.2002
15227.0000 0.2007
15574.5000 0.2012
15790.0000 0.2017
16094.0000 0.2023
16214.0000 0.2028
16264.5000 0.2033
16269.5000 0.2038
16756.5000 0.2043
16829.5000 0.2048
16833.0000 0.2053
17044.5000 0.2058
17114.0000 0.2063
17133.5000 0.2069
17333.0000 0.2074
17515.5000 0.2079
17613.0000 0.2084
