# time  created  delivered  delivered/created
32.0000 1 0 0.0000
58.0000 2 0 0.0000
84.0000 3 0 0.0000
112.0000 4 0 0.0000
144.0000 5 0 0.0000
170.0000 6 0 0.0000
203.0000 7 0 0.0000
233.0000 8 0 0.0000
265.0000 9 0 0.0000
291.0000 10 0 0.0000
320.0000 11 0 0.0000
345.0000 12 0 0.0000
379.0000 13 0 0.0000
405.0000 14 0 0.0000
431.0000 15 0 0.0000
464.0000 16 0 0.0000
498.0000 17 0 0.0000
523.0000 18 0 0.0000
536.0000 18 1 0.0556
553.0000 18 2 0.1111
557.0000 19 2 0.1053
582.0000 20 2 0.1000
609.0000 21 2 0.0952
630.5000 21 3 0.1429
640.0000 22 3 0.1364
669.0000 23 3 0.1304
670.5000 23 4 0.1739
698.0000 24 4 0.1667
730.0000 25 4 0.1600
757.0000 26 4 0.1538
785.0000 27 4 0.1481
818.0000 28 4 0.1429
852.0000 29 4 0.1379
881.0000 30 4 0.1333
897.0000 30 5 0.1667
913.0000 31 5 0.1613
945.0000 32 5 0.1563
976.0000 33 5 0.1515
1007.0000 34 5 0.1471
1035.0000 35 5 0.1429
1060.0000 36 5 0.1389
1092.0000 37 5 0.1351
1121.0000 38 5 0.1316
1154.0000 39 5 0.1282
1184.0000 40 5 0.1250
1216.0000 41 5 0.1220
1249.0000 42 5 0.1190
1281.0000 43 5 0.1163
1288.0000 43 6 0.1395
1313.0000 44 6 0.1364
1345.0000 45 6 0.1333
1378.0000 46 6 0.1304
1411.0000 47 6 0.1277
1437.0000 48 6 0.1250
1465.0000 49 6 0.1224
1498.0000 50 6 0.1200
1528.0000 51 6 0.1176
1560.0000 52 6 0.1154
1562.0000 52 7 0.1346
1586.0000 53 7 0.1321
1614.0000 53 8 0.1509
1617.0000 54 8 0.1481
1646.0000 55 8 0.1455
1649.5000 55 9 0.1636
1677.0000 56 9 0.1607
1707.0000 57 9 0.1579
1739.0000 58 9 0.1552
1761.0000 58 10 0.1724
1769.0000 59 10 0.1695
1801.0000 60 10 0.1667
1826.0000 61 10 0.1639
1852.0000 62 10 0.1613
1881.0000 63 10 0.1587
1904.5000 63 11 0.1746
1908.0000 64 11 0.1719
1928.0000 64 12 0.1875
1937.0000 65 12 0.1846
1968.0000 66 12 0.1818
1990.5000 66 13 0.1970
1997.0000 67 13 0.1940
2022.0000 68 13 0.1912
2054.0000 69 13 0.1884
2088.0000 70 13 0.1857
2116.0000 70 14 0.2000
2117.0000 71 14 0.1972
2142.0000 72 14 0.1944
2168.0000 72 15 0.2083
2173.0000 73 15 0.2055
2199.0000 74 15 0.2027
2226.5000 74 16 0.2162
2229.0000 75 16 0.2133
2262.0000 76 16 0.2105
2294.0000 77 16 0.2078
2306.5000 77 17 0.2208
2319.0000 78 17 0.2179
2353.0000 79 17 0.2152
2357.0000 79 18 0.2278
2378.0000 80 18 0.2250
2411.0000 81 18 0.2222
2443.0000 82 18 0.2195
2450.5000 82 19 0.2317
2470.0000 83 19 0.2289
2498.0000 84 19 0.2262
2530.0000 85 19 0.2235
2561.0000 86 19 0.2209
2589.0000 87 19 0.2184
2619.0000 88 19 0.2159
2631.5000 88 20 0.2273
2649.0000 89 20 0.2247
2674.0000 90 20 0.2222
2704.0000 91 20 0.2198
2734.0000 92 20 0.2174
2744.0000 92 21 0.2283
2765.5000 92 22 0.2391
2768.0000 93 22 0.2366
2794.0000 94 22 0.2340
2823.0000 95 22 0.2316
2853.0000 96 22 0.2292
2874.5000 96 23 0.2396
2880.0000 97 23 0.2371
2909.0000 98 23 0.2347
2928.0000 98 24 0.2449
2941.0000 99 24 0.2424
2974.0000 100 24 0.2400
3003.0000 101 24 0.2376
3037.0000 102 24 0.2353
3045.5000 102 25 0.2451
3047.0000 102 26 0.2549
3053.5000 102 27 0.2647
3064.0000 103 27 0.2621
3081.0000 103 28 0.2718
3094.0000 104 28 0.2692
3121.0000 105 28 0.2667
3146.0000 106 28 0.2642
3175.0000 107 28 0.2617
3198.5000 107 29 0.2710
3207.0000 108 29 0.2685
3237.0000 109 29 0.2661
3243.0000 109 30 0.2752
3262.0000 110 30 0.2727
3295.0000 111 30 0.2703
3322.0000 112 30 0.2679
3352.0000 113 30 0.2655
3379.0000 114 30 0.2632
3408.0000 115 30 0.2609
3412.5000 115 31 0.2696
3435.0000 116 31 0.2672
3461.0000 117 31 0.2650
3487.0000 118 31 0.2627
3516.0000 119 31 0.2605
3543.0000 120 31 0.2583
3543.5000 120 32 0.2667
3545.5000 120 33 0.2750
3570.0000 121 33 0.2727
3601.0000 122 33 0.2705
3627.0000 123 33 0.2683
3661.0000 124 33 0.2661
3691.0000 125 33 0.2640
3724.0000 126 33 0.2619
3754.0000 127 33 0.2598
3786.0000 128 33 0.2578
3800.0000 128 34 0.2656
3811.0000 129 34 0.2636
3842.0000 130 34 0.2615
3861.5000 130 35 0.2692
3873.0000 131 35 0.2672
3904.0000 132 35 0.2652
3934.0000 133 35 0.2632
3968.0000 134 35 0.2612
3999.0000 135 35 0.2593
4028.0000 136 35 0.2574
4055.0000 137 35 0.2555
4080.0000 138 35 0.2536
4112.0000 139 35 0.2518
4130.5000 139 36 0.2590
4143.0000 140 36 0.2571
4154.5000 140 37 0.2643
4174.0000 141 37 0.2624
4205.0000 142 37 0.2606
4230.0000 143 37 0.2587
4255.0000 144 37 0.2569
4283.0000 145 37 0.2552
4314.0000 146 37 0.2534
4342.0000 147 37 0.2517
4368.0000 148 37 0.2500
4402.0000 149 37 0.2483
4432.0000 150 37 0.2467
4462.0000 151 37 0.2450
4487.5000 151 38 0.2517
4488.0000 152 38 0.2500
4488.5000 152 39 0.2566
4515.0000 153 39 0.2549
4546.0000 154 39 0.2532
4572.0000 155 39 0.2516
4590.0000 155 40 0.2581
4606.0000 156 40 0.2564
4638.0000 157 40 0.2548
4672.0000 158 40 0.2532
4701.0000 159 40 0.2516
4708.0000 159 41 0.2579
4729.0000 160 41 0.2563
4747.0000 160 42 0.2625
4758.0000 161 42 0.2609
4758.5000 161 43 0.2671
4792.0000 162 43 0.2654
4822.0000 163 43 0.2638
4823.0000 163 44 0.2699
4847.0000 164 44 0.2683
4875.0000 165 44 0.2667
4902.0000 166 44 0.2651
4935.0000 167 44 0.2635
4965.0000 168 44 0.2619
4996.0000 169 44 0.2604
5028.0000 170 44 0.2588
5058.0000 171 44 0.2573
5084.0000 171 45 0.2632
5089.0000 172 45 0.2616
5119.0000 173 45 0.2601
5150.0000 174 45 0.2586
5152.0000 174 46 0.2644
5153.0000 174 47 0.2701
5183.0000 175 47 0.2686
5213.0000 176 47 0.2670
5213.0000 176 48 0.2727
5243.0000 177 48 0.2712
5265.0000 177 49 0.2768
5276.0000 178 49 0.2753
5305.0000 179 49 0.2737
5323.0000 179 50 0.2793
5339.0000 180 50 0.2778
5366.0000 181 50 0.2762
5391.0000 182 50 0.2747
5419.0000 183 50 0.2732
5444.0000 184 50 0.2717
5474.0000 185 50 0.2703
5504.0000 186 50 0.2688
5531.0000 187 50 0.2674
5562.0000 188 50 0.2660
5592.0000 189 50 0.2646
5624.0000 190 50 0.2632
5642.5000 190 51 0.2684
5658.0000 191 51 0.2670
5688.0000 192 51 0.2656
5716.0000 193 51 0.2642
5747.0000 194 51 0.2629
5773.0000 195 51 0.2615
5807.0000 196 51 0.2602
5837.0000 197 51 0.2589
5868.0000 198 51 0.2576
5868.5000 198 52 0.2626
5900.0000 199 52 0.2613
5900.5000 199 53 0.2663
5902.5000 199 54 0.2714
5931.0000 200 54 0.2700
5958.0000 201 54 0.2687
5970.0000 201 55 0.2736
5972.0000 201 56 0.2786
5984.0000 202 56 0.2772
5984.5000 202 57 0.2822
6017.0000 203 57 0.2808
6047.0000 204 57 0.2794
6074.0000 205 57 0.2780
6101.0000 206 57 0.2767
6119.5000 206 58 0.2816
6130.0000 207 58 0.2802
6156.0000 208 58 0.2788
6181.0000 209 58 0.2775
6213.0000 210 58 0.2762
6243.0000 211 58 0.2749
6275.0000 212 58 0.2736
6305.0000 213 58 0.2723
6335.0000 214 58 0.2710
6338.0000 214 59 0.2757
6356.0000 214 60 0.2804
6365.0000 215 60 0.2791
6390.0000 216 60 0.2778
6417.0000 217 60 0.2765
6418.5000 217 61 0.2811
6450.0000 218 61 0.2798
6478.0000 218 62 0.2844
6483.0000 219 62 0.2831
6509.0000 220 62 0.2818
6540.0000 221 62 0.2805
6570.0000 222 62 0.2793
6601.0000 223 62 0.2780
6609.0000 223 63 0.2825
6634.0000 224 63 0.2813
6666.0000 225 63 0.2800
6691.0000 226 63 0.2788
6716.0000 227 63 0.2775
6721.0000 227 64 0.2819
6722.5000 227 65 0.2863
6748.0000 228 65 0.2851
6773.0000 229 65 0.2838
6806.0000 230 65 0.2826
6838.0000 231 65 0.2814
6870.0000 232 65 0.2802
6897.0000 233 65 0.2790
6923.0000 234 65 0.2778
6952.0000 235 65 0.2766
6956.0000 235 66 0.2809
6986.0000 236 66 0.2797
7013.0000 237 66 0.2785
7043.0000 238 66 0.2773
7077.0000 239 66 0.2762
7095.0000 239 67 0.2803
7111.0000 240 67 0.2792
7138.0000 241 67 0.2780
7169.0000 242 67 0.2769
7169.5000 242 68 0.2810
7194.0000 243 68 0.2798
7228.0000 244 68 0.2787
7262.0000 245 68 0.2776
7296.0000 246 68 0.2764
7324.0000 247 68 0.2753
7324.5000 247 69 0.2794
7354.0000 248 69 0.2782
7380.0000 249 69 0.2771
7409.0000 250 69 0.2760
7413.0000 250 70 0.2800
7416.0000 250 71 0.2840
7417.0000 250 72 0.2880
7437.0000 251 72 0.2869
7442.0000 251 73 0.2908
7446.0000 251 74 0.2948
7457.5000 251 75 0.2988
7464.0000 252 75 0.2976
7494.0000 253 75 0.2964
7525.0000 254 75 0.2953
7559.0000 255 75 0.2941
7560.5000 255 76 0.2980
7568.5000 255 77 0.3020
7590.0000 256 77 0.3008
7619.0000 257 77 0.2996
7647.0000 258 77 0.2984
7661.5000 258 78 0.3023
7672.5000 258 79 0.3062
7678.0000 259 79 0.3050
7703.0000 260 79 0.3038
7729.0000 261 79 0.3027
7735.0000 261 80 0.3065
7746.5000 261 81 0.3103
7762.0000 262 81 0.3092
7789.0000 263 81 0.3080
7814.0000 264 81 0.3068
7844.0000 265 81 0.3057
7846.5000 265 82 0.3094
7860.0000 265 83 0.3132
7860.5000 265 84 0.3170
7870.0000 265 85 0.3208
7873.0000 266 85 0.3195
7907.0000 267 85 0.3184
7935.0000 268 85 0.3172
7937.0000 268 86 0.3209
7964.0000 269 86 0.3197
7994.0000 270 86 0.3185
8027.0000 271 86 0.3173
8027.5000 271 87 0.3210
8057.0000 272 87 0.3199
8075.0000 272 88 0.3235
8078.0000 272 89 0.3272
8085.0000 273 89 0.3260
8113.0000 274 89 0.3248
8146.0000 275 89 0.3236
8172.0000 276 89 0.3225
8187.5000 276 90 0.3261
8201.0000 277 90 0.3249
8231.0000 278 90 0.3237
8261.0000 279 90 0.3226
8295.0000 280 90 0.3214
8320.0000 281 90 0.3203
8348.5000 281 91 0.3238
8350.0000 282 91 0.3227
8380.0000 283 91 0.3216
8408.0000 284 91 0.3204
8433.0000 285 91 0.3193
8451.5000 285 92 0.3228
8460.0000 286 92 0.3217
8488.0000 287 92 0.3206
8490.0000 287 93 0.3240
8513.5000 287 94 0.3275
8517.0000 288 94 0.3264
8523.5000 288 95 0.3299
8549.0000 289 95 0.3287
8581.0000 290 95 0.3276
8614.0000 291 95 0.3265
8641.0000 292 95 0.3253
8641.5000 292 96 0.3288
8666.0000 293 96 0.3276
8696.0000 294 96 0.3265
8729.0000 295 96 0.3254
8755.0000 296 96 0.3243
8764.5000 296 97 0.3277
8782.0000 297 97 0.3266
8786.5000 297 98 0.3300
8807.0000 298 98 0.3289
8835.0000 299 98 0.3278
8863.0000 300 98 0.3267
8894.0000 301 98 0.3256
8924.0000 302 98 0.3245
8954.0000 303 98 0.3234
8980.0000 304 98 0.3224
9004.5000 304 99 0.3257
9006.0000 305 99 0.3246
9027.5000 305 100 0.3279
9031.0000 306 100 0.3268
9062.0000 307 100 0.3257
9093.0000 307 101 0.3290
9095.0000 308 101 0.3279
9126.0000 309 101 0.3269
9151.0000 309 102 0.3301
9152.0000 310 102 0.3290
9181.0000 311 102 0.3280
9211.0000 312 102 0.3269
9242.0000 313 102 0.3259
9267.0000 314 102 0.3248
9296.0000 314 103 0.3280
9298.0000 315 103 0.3270
9329.0000 316 103 0.3259
9362.0000 317 103 0.3249
9387.0000 318 103 0.3239
9412.0000 319 103 0.3229
9439.0000 320 103 0.3219
9473.0000 321 103 0.3209
9501.0000 322 103 0.3199
9501.5000 322 104 0.3230
9527.0000 323 104 0.3220
9554.0000 324 104 0.3210
9580.0000 325 104 0.3200
9583.5000 325 105 0.3231
9607.0000 326 105 0.3221
9630.5000 326 106 0.3252
9641.0000 327 106 0.3242
9658.5000 327 107 0.3272
9659.0000 327 108 0.3303
9659.5000 327 109 0.3333
9668.0000 328 109 0.3323
9702.0000 329 109 0.3313
9703.5000 329 110 0.3343
9733.0000 330 110 0.3333
9759.0000 331 110 0.3323
9785.0000 332 110 0.3313
9813.0000 333 110 0.3303
9813.5000 333 111 0.3333
9842.0000 334 111 0.3323
9869.0000 335 111 0.3313
9898.0000 336 111 0.3304
9925.0000 337 111 0.3294
9958.0000 338 111 0.3284
9983.0000 339 111 0.3274
10012.0000 340 111 0.3265
10041.0000 341 111 0.3255
10075.0000 342 111 0.3246
10075.5000 342 112 0.3275
10102.0000 343 112 0.3265
10132.0000 344 112 0.3256
10141.0000 344 113 0.3285
10157.0000 345 113 0.3275
10188.0000 346 113 0.3266
10217.0000 347 113 0.3256
10240.0000 347 114 0.3285
10243.0000 348 114 0.3276
10276.0000 349 114 0.3266
10301.0000 350 114 0.3257
10331.0000 351 114 0.3248
10331.5000 351 115 0.3276
10356.0000 352 115 0.3267
10386.0000 353 115 0.3258
10417.0000 354 115 0.3249
10448.0000 355 115 0.3239
10478.0000 356 115 0.3230
10512.0000 357 115 0.3221
10537.0000 358 115 0.3212
10537.5000 358 116 0.3240
10540.5000 358 117 0.3268
10541.5000 358 118 0.3296
10556.0000 358 119 0.3324
10566.0000 359 119 0.3315
10595.0000 360 119 0.3306
10628.0000 361 119 0.3296
10660.0000 362 119 0.3287
10685.0000 363 119 0.3278
10701.0000 363 120 0.3306
10717.0000 364 120 0.3297
10744.0000 365 120 0.3288
10770.0000 366 120 0.3279
10797.0000 367 120 0.3270
10824.0000 368 120 0.3261
10858.0000 369 120 0.3252
10887.0000 370 120 0.3243
10912.0000 371 120 0.3235
10939.0000 372 120 0.3226
10973.0000 373 120 0.3217
11006.0000 374 120 0.3209
11032.0000 375 120 0.3200
11065.0000 376 120 0.3191
11095.0000 377 120 0.3183
11121.0000 378 120 0.3175
11148.0000 379 120 0.3166
11182.0000 380 120 0.3158
11216.0000 381 120 0.3150
11247.0000 382 120 0.3141
11275.0000 383 120 0.3133
11277.0000 383 121 0.3159
11301.0000 384 121 0.3151
11333.0000 385 121 0.3143
11343.0000 385 122 0.3169
11366.0000 386 122 0.3161
11391.0000 387 122 0.3152
11420.5000 387 123 0.3178
11422.0000 388 123 0.3170
11450.0000 389 123 0.3162
11473.5000 389 124 0.3188
11477.5000 389 125 0.3213
11479.0000 390 125 0.3205
11502.5000 390 126 0.3231
11513.0000 391 126 0.3223
11514.0000 391 127 0.3248
11528.5000 391 128 0.3274
11540.0000 392 128 0.3265
11573.0000 393 128 0.3257
11600.0000 394 128 0.3249
11627.0000 395 128 0.3241
11652.0000 396 128 0.3232
11679.0000 397 128 0.3224
11711.0000 398 128 0.3216
11741.0000 399 128 0.3208
11769.0000 400 128 0.3200
11797.0000 401 128 0.3192
11825.0000 402 128 0.3184
11851.0000 403 128 0.3176
11882.0000 404 128 0.3168
11911.0000 405 128 0.3160
11919.5000 405 129 0.3185
11935.5000 405 130 0.3210
11938.0000 406 130 0.3202
11965.0000 407 130 0.3194
11999.0000 408 130 0.3186
12024.0000 409 130 0.3178
12024.5000 409 131 0.3203
12049.0000 410 131 0.3195
12081.0000 411 131 0.3187
12107.0000 412 131 0.3180
12136.0000 413 131 0.3172
12169.0000 414 131 0.3164
12196.0000 415 131 0.3157
12212.5000 415 132 0.3181
12223.0000 416 132 0.3173
12239.5000 416 133 0.3197
12252.0000 416 134 0.3221
12254.0000 417 134 0.3213
12285.0000 418 134 0.3206
12310.0000 419 134 0.3198
12337.0000 420 134 0.3190
12362.0000 421 134 0.3183
12394.0000 422 134 0.3175
12419.5000 422 135 0.3199
12428.0000 423 135 0.3191
12462.0000 424 135 0.3184
12494.0000 425 135 0.3176
12498.0000 425 136 0.3200
12524.0000 426 136 0.3192
12553.0000 427 136 0.3185
12586.0000 428 136 0.3178
12612.0000 429 136 0.3170
12643.0000 430 136 0.3163
12671.0000 431 136 0.3155
12704.0000 432 136 0.3148
12725.0000 432 137 0.3171
12730.0000 433 137 0.3164
12755.0000 434 137 0.3157
12789.0000 435 137 0.3149
12802.0000 435 138 0.3172
12817.0000 436 138 0.3165
12824.5000 436 139 0.3188
12842.0000 437 139 0.3181
12871.0000 438 139 0.3174
12871.5000 438 140 0.3196
12903.0000 439 140 0.3189
12927.5000 439 141 0.3212
12933.0000 440 141 0.3205
12966.0000 441 141 0.3197
12992.0000 442 141 0.3190
12997.0000 442 142 0.3213
13016.0000 442 143 0.3235
13021.0000 443 143 0.3228
13050.0000 444 143 0.3221
13078.0000 445 143 0.3213
13104.0000 446 143 0.3206
13113.0000 446 144 0.3229
13136.0000 447 144 0.3221
13157.5000 447 145 0.3244
13170.0000 448 145 0.3237
13187.5000 448 146 0.3259
13204.0000 449 146 0.3252
13231.0000 450 146 0.3244
13238.0000 450 147 0.3267
13257.0000 451 147 0.3259
13290.0000 452 147 0.3252
13316.0000 453 147 0.3245
13341.0000 454 147 0.3238
13366.0000 455 147 0.3231
13368.0000 455 148 0.3253
13399.0000 456 148 0.3246
13428.0000 457 148 0.3239
13456.0000 458 148 0.3231
13481.0000 459 148 0.3224
13508.0000 460 148 0.3217
13536.0000 461 148 0.3210
13539.5000 461 149 0.3232
13564.0000 462 149 0.3225
13597.0000 463 149 0.3218
13630.0000 464 149 0.3211
13664.0000 465 149 0.3204
13698.0000 466 149 0.3197
13725.0000 467 149 0.3191
13737.5000 467 150 0.3212
13757.0000 468 150 0.3205
13757.5000 468 151 0.3226
13785.0000 469 151 0.3220
13818.0000 470 151 0.3213
13845.0000 471 151 0.3206
13872.0000 472 151 0.3199
13902.0000 473 151 0.3192
13928.0000 474 151 0.3186
13958.0000 475 151 0.3179
13958.5000 475 152 0.3200
13989.0000 476 152 0.3193
13992.5000 476 153 0.3214
13994.5000 476 154 0.3235
14020.0000 477 154 0.3229
14047.0000 478 154 0.3222
14073.0000 479 154 0.3215
14103.0000 480 154 0.3208
14128.0000 481 154 0.3202
14161.0000 482 154 0.3195
14186.0000 483 154 0.3188
14190.5000 483 155 0.3209
14214.0000 484 155 0.3202
14240.0000 485 155 0.3196
14270.0000 486 155 0.3189
14295.0000 486 156 0.3210
14302.0000 487 156 0.3203
14331.0000 488 156 0.3197
14360.0000 489 156 0.3190
14360.5000 489 157 0.3211
14388.0000 490 157 0.3204
14414.0000 491 157 0.3198
14440.0000 491 158 0.3218
14445.0000 492 158 0.3211
14476.0000 493 158 0.3205
14505.0000 494 158 0.3198
14538.0000 495 158 0.3192
14566.0000 496 158 0.3185
14595.0000 497 158 0.3179
14623.5000 497 159 0.3199
14627.0000 498 159 0.3193
14655.0000 499 159 0.3186
14689.0000 500 159 0.3180
14714.0000 501 159 0.3174
14744.0000 502 159 0.3167
14778.0000 503 159 0.3161
14812.0000 504 159 0.3155
14839.0000 505 159 0.3149
14847.5000 505 160 0.3168
14873.0000 506 160 0.3162
14895.0000 506 161 0.3182
14906.0000 507 161 0.3176
14933.0000 508 161 0.3169
14962.0000 509 161 0.3163
14995.0000 510 161 0.3157
15024.0000 511 161 0.3151
15050.0000 512 161 0.3145
15062.5000 512 162 0.3164
15077.0000 513 162 0.3158
15103.0000 514 162 0.3152
15134.0000 515 162 0.3146
15160.0000 516 162 0.3140
15188.0000 517 162 0.3133
15219.0000 518 162 0.3127
15221.5000 518 163 0.3147
15247.0000 519 163 0.3141
15281.0000 520 163 0.3135
15313.0000 521 163 0.3129
15338.0000 522 163 0.3123
15367.0000 523 163 0.3117
15370.0000 523 164 0.3136
15398.0000 524 164 0.3130
15424.0000 525 164 0.3124
15456.0000 526 164 0.3118
15486.0000 527 164 0.3112
15513.0000 528 164 0.3106
15539.0000 529 164 0.3100
15573.0000 530 164 0.3094
15599.0000 531 164 0.3089
15631.0000 532 164 0.3083
15656.0000 533 164 0.3077
15684.0000 534 164 0.3071
15717.0000 535 164 0.3065
15751.0000 536 164 0.3060
15754.0000 536 165 0.3078
15755.5000 536 166 0.3097
15776.0000 537 166 0.3091
15805.0000 538 166 0.3086
15838.0000 539 166 0.3080
15863.0000 540 166 0.3074
15892.0000 541 166 0.3068
15923.0000 542 166 0.3063
15941.0000 542 167 0.3081
15948.0000 543 167 0.3076
15977.0000 544 167 0.3070
16003.0000 545 167 0.3064
16016.0000 545 168 0.3083
16029.0000 546 168 0.3077
16062.0000 547 168 0.3071
16096.0000 548 168 0.3066
16124.0000 548 169 0.3084
16125.0000 549 169 0.3078
16157.0000 550 169 0.3073
16159.0000 550 170 0.3091
16188.0000 551 170 0.3085
16219.0000 552 170 0.3080
16252.0000 553 170 0.3074
16278.0000 554 170 0.3069
16303.0000 555 170 0.3063
16332.0000 556 170 0.3058
16339.5000 556 171 0.3076
16361.0000 557 171 0.3070
16391.0000 558 171 0.3065
16420.0000 559 171 0.3059
16449.0000 560 171 0.3054
16471.5000 560 172 0.3071
16475.0000 561 172 0.3066
16485.5000 561 173 0.3084
16508.0000 562 173 0.3078
16542.0000 563 173 0.3073
16560.0000 563 174 0.3091
16571.0000 564 174 0.3085
16598.0000 565 174 0.3080
16626.0000 566 174 0.3074
16653.0000 567 174 0.3069
16685.0000 568 174 0.3063
16719.0000 569 174 0.3058
16748.0000 570 174 0.3053
16775.0000 571 174 0.3047
16801.0000 572 174 0.3042
16827.0000 573 174 0.3037
16853.0000 574 174 0.3031
16884.0000 575 174 0.3026
16910.0000 576 174 0.3021
16914.5000 576 175 0.3038
16917.0000 576 176 0.3056
16937.0000 577 176 0.3050
16965.0000 578 176 0.3045
16991.0000 579 176 0.3040
17025.0000 580 176 0.3034
17053.0000 581 176 0.3029
17086.0000 582 176 0.3024
17112.0000 583 176 0.3019
17139.0000 584 176 0.3014
17172.0000 585 176 0.3009
17174.0000 585 177 0.3026
17201.0000 586 177 0.3020
17232.0000 587 177 0.3015
17264.0000 588 177 0.3010
17289.0000 589 177 0.3005
17323.0000 590 177 0.3000
17355.0000 591 177 0.2995
17385.0000 592 177 0.2990
17415.0000 593 177 0.2985
17440.0000 594 177 0.2980
17468.0000 595 177 0.2975
17501.0000 596 177 0.2970
17531.0000 597 177 0.2965
17558.0000 598 177 0.2960
17589.0000 599 177 0.2955
17599.5000 599 178 0.2972
17607.0000 599 179 0.2988
17614.0000 600 179 0.2983
17622.0000 600 180 0.3000
17639.0000 601 180 0.2995
17642.5000 601 181 0.3012
17672.0000 602 181 0.3007
17697.0000 603 181 0.3002
17722.0000 604 181 0.2997
17725.0000 604 182 0.3013
17747.0000 605 182 0.3008
17776.0000 606 182 0.3003
17802.0000 607 182 0.2998
17834.0000 608 182 0.2993
17868.0000 609 182 0.2989
17901.0000 610 182 0.2984
17934.0000 611 182 0.2979
17956.5000 611 183 0.2995
17959.0000 612 183 0.2990
17985.0000 613 183 0.2985
18010.0000 614 183 0.2980
18041.0000 615 183 0.2976
18074.0000 616 183 0.2971
18088.5000 616 184 0.2987
18103.0000 617 184 0.2982
18126.5000 617 185 0.2998
18131.0000 618 185 0.2994
18165.0000 619 185 0.2989
18195.0000 620 185 0.2984
18221.0000 621 185 0.2979
18252.0000 622 185 0.2974
18283.0000 623 185 0.2970
18293.0000 623 186 0.2986
18317.0000 624 186 0.2981
18328.0000 624 187 0.2997
18344.0000 625 187 0.2992
18375.0000 626 187 0.2987
18394.5000 626 188 0.3003
18405.0000 627 188 0.2998
18434.0000 628 188 0.2994
18436.5000 628 189 0.3010
18467.0000 629 189 0.3005
18492.0000 630 189 0.3000
18526.0000 631 189 0.2995
18554.0000 632 189 0.2991
18579.0000 633 189 0.2986
18609.0000 634 189 0.2981
18633.0000 634 190 0.2997
18635.0000 635 190 0.2992
18668.0000 636 190 0.2987
18700.0000 637 190 0.2983
18729.0000 638 190 0.2978
18760.0000 639 190 0.2973
18761.0000 639 191 0.2989
18792.0000 640 191 0.2984
18824.0000 641 191 0.2980
18858.0000 642 191 0.2975
18880.0000 642 192 0.2991
18884.0000 643 192 0.2986
18885.5000 643 193 0.3002
18910.0000 644 193 0.2997
18939.0000 645 193 0.2992
18971.0000 646 193 0.2988
18996.0000 647 193 0.2983
19030.0000 648 193 0.2978
19064.0000 649 193 0.2974
19069.5000 649 194 0.2989
19094.0000 650 194 0.2985
19120.5000 650 195 0.3000
19121.0000 651 195 0.2995
19151.0000 652 195 0.2991
19182.0000 653 195 0.2986
19188.5000 653 196 0.3002
19216.0000 654 196 0.2997
19247.0000 655 196 0.2992
19274.0000 656 196 0.2988
19302.0000 657 196 0.2983
19310.5000 657 197 0.2998
19329.0000 658 197 0.2994
19357.0000 659 197 0.2989
19384.0000 660 197 0.2985
19409.0000 661 197 0.2980
19424.0000 661 198 0.2995
19442.0000 662 198 0.2991
19471.5000 662 199 0.3006
19472.0000 663 199 0.3002
19484.5000 663 200 0.3017
19501.0000 664 200 0.3012
19532.0000 665 200 0.3008
19563.0000 666 200 0.3003
19595.0000 667 200 0.2999
19628.0000 668 200 0.2994
19660.0000 669 200 0.2990
19688.0000 670 200 0.2985
19721.0000 671 200 0.2981
19755.0000 672 200 0.2976
19780.0000 673 200 0.2972
19814.0000 674 200 0.2967
19842.0000 675 200 0.2963
19845.0000 675 201 0.2978
19876.0000 676 201 0.2973
19899.0000 676 202 0.2988
19910.0000 677 202 0.2984
19937.0000 678 202 0.2979
19970.0000 679 202 0.2975
19998.0000 680 202 0.2971
20023.0000 681 202 0.2966
20055.0000 682 202 0.2962
20057.0000 682 203 0.2977
20082.0000 683 203 0.2972
20116.0000 684 203 0.2968
20148.0000 685 203 0.2964
20159.5000 685 204 0.2978
20160.5000 685 205 0.2993
20174.0000 686 205 0.2988
20174.5000 686 206 0.3003
20188.0000 686 207 0.3017
20205.0000 687 207 0.3013
20236.0000 688 207 0.3009
20261.0000 689 207 0.3004
20291.0000 690 207 0.3000
20320.0000 691 207 0.2996
20333.5000 691 208 0.3010
20345.0000 692 208 0.3006
20376.0000 693 208 0.3001
20378.0000 693 209 0.3016
20407.0000 694 209 0.3012
20437.0000 695 209 0.3007
20444.0000 695 210 0.3022
20462.0000 696 210 0.3017
20463.5000 696 211 0.3032
20496.0000 697 211 0.3027
20526.0000 698 211 0.3023
20553.0000 699 211 0.3019
20584.0000 700 211 0.3014
20610.0000 701 211 0.3010
20641.0000 702 211 0.3006
20674.0000 703 211 0.3001
20676.5000 703 212 0.3016
20706.0000 704 212 0.3011
20737.0000 705 212 0.3007
20767.0000 706 212 0.3003
20798.0000 707 212 0.2999
20830.0000 708 212 0.2994
20855.0000 709 212 0.2990
20889.0000 710 212 0.2986
20917.0000 711 212 0.2982
20944.0000 712 212 0.2978
20975.0000 713 212 0.2973
21009.0000 714 212 0.2969
21040.0000 715 212 0.2965
21065.0000 716 212 0.2961
21090.0000 717 212 0.2957
21116.0000 718 212 0.2953
21150.0000 719 212 0.2949
21180.0000 720 212 0.2944
21209.0000 721 212 0.2940
21237.0000 722 212 0.2936
21268.0000 723 212 0.2932
21268.5000 723 213 0.2946
21298.0000 724 213 0.2942
21330.0000 725 213 0.2938
21359.0000 726 213 0.2934
21387.0000 727 213 0.2930
21416.0000 728 213 0.2926
21446.0000 729 213 0.2922
21476.0000 730 213 0.2918
21508.0000 731 213 0.2914
21537.0000 732 213 0.2910
21563.0000 733 213 0.2906
21594.0000 734 213 0.2902
21619.0000 735 213 0.2898
21648.0000 736 213 0.2894
21680.0000 737 213 0.2890
21712.0000 738 213 0.2886
21739.0000 739 213 0.2882
21751.5000 739 214 0.2896
21770.0000 740 214 0.2892
21797.0000 741 214 0.2888
21826.0000 742 214 0.2884
21854.0000 743 214 0.2880
21885.0000 744 214 0.2876
21919.0000 745 214 0.2872
21944.0000 746 214 0.2869
21973.0000 747 214 0.2865
21999.0000 748 214 0.2861
22031.0000 749 214 0.2857
22053.0000 749 215 0.2870
22062.0000 750 215 0.2867
22095.0000 751 215 0.2863
22128.0000 752 215 0.2859
22153.0000 753 215 0.2855
22179.0000 753 216 0.2869
22182.0000 754 216 0.2865
22215.0000 755 216 0.2861
22236.0000 755 217 0.2874
22240.0000 756 217 0.2870
22273.0000 757 217 0.2867
22306.0000 758 217 0.2863
22337.0000 759 217 0.2859
22369.0000 760 217 0.2855
22403.0000 761 217 0.2852
22435.0000 762 217 0.2848
22465.0000 763 217 0.2844
22499.0000 764 217 0.2840
22525.0000 765 217 0.2837
22535.5000 765 218 0.2850
22558.0000 766 218 0.2846
22591.0000 767 218 0.2842
22593.0000 767 219 0.2855
22617.0000 768 219 0.2852
22643.0000 769 219 0.2848
22675.0000 770 219 0.2844
22686.5000 770 220 0.2857
22702.0000 771 220 0.2853
22733.0000 772 220 0.2850
22761.0000 773 220 0.2846
22784.5000 773 221 0.2859
22788.0000 774 221 0.2855
22811.0000 774 222 0.2868
22822.0000 775 222 0.2865
22824.0000 775 223 0.2877
22847.0000 776 223 0.2874
22880.0000 777 223 0.2870
22909.0000 778 223 0.2866
22937.0000 779 223 0.2863
22969.0000 780 223 0.2859
22988.0000 780 224 0.2872
23001.0000 781 224 0.2868
23031.0000 782 224 0.2864
23062.0000 783 224 0.2861
23094.0000 784 224 0.2857
23122.0000 785 224 0.2854
23133.5000 785 225 0.2866
23145.5000 785 226 0.2879
23156.0000 786 226 0.2875
23188.0000 787 226 0.2872
23214.0000 788 226 0.2868
23246.0000 789 226 0.2864
23278.0000 790 226 0.2861
23280.5000 790 227 0.2873
23307.0000 791 227 0.2870
23332.0000 792 227 0.2866
23366.0000 793 227 0.2863
23397.0000 794 227 0.2859
23431.0000 795 227 0.2855
23464.0000 796 227 0.2852
23494.0000 797 227 0.2848
23523.0000 798 227 0.2845
23554.0000 799 227 0.2841
23583.0000 800 227 0.2838
23614.0000 801 227 0.2834
23648.0000 802 227 0.2830
23673.0000 803 227 0.2827
23699.0000 804 227 0.2823
23725.0000 805 227 0.2820
23758.0000 806 227 0.2816
23787.0000 807 227 0.2813
23820.0000 808 227 0.2809
23852.0000 809 227 0.2806
23861.0000 809 228 0.2818
23885.0000 810 228 0.2815
23915.0000 811 228 0.2811
23944.0000 812 228 0.2808
23973.0000 813 228 0.2804
24001.0000 814 228 0.2801
24035.0000 815 228 0.2798
24060.0000 816 228 0.2794
24093.0000 817 228 0.2791
24126.0000 818 228 0.2787
24155.0000 819 228 0.2784
24185.0000 820 228 0.2780
24219.0000 821 228 0.2777
24252.0000 822 228 0.2774
24261.5000 822 229 0.2786
24281.0000 823 229 0.2783
24307.0000 824 229 0.2779
24332.0000 825 229 0.2776
24348.0000 825 230 0.2788
24366.0000 826 230 0.2785
24396.0000 827 230 0.2781
24430.0000 828 230 0.2778
24464.0000 829 230 0.2774
24495.0000 830 230 0.2771
24527.0000 831 230 0.2768
24552.0000 831 231 0.2780
24560.0000 832 231 0.2776
24594.0000 833 231 0.2773
24621.0000 834 231 0.2770
24649.0000 835 231 0.2766
24649.5000 835 232 0.2778
24681.0000 836 232 0.2775
24708.0000 837 232 0.2772
24733.0000 838 232 0.2768
24759.0000 839 232 0.2765
24782.0000 839 233 0.2777
24785.0000 840 233 0.2774
24816.0000 841 233 0.2771
24842.0000 842 233 0.2767
24847.5000 842 234 0.2779
24867.0000 843 234 0.2776
24901.0000 844 234 0.2773
24934.0000 845 234 0.2769
24959.0000 846 234 0.2766
24993.0000 847 234 0.2763
25026.0000 848 234 0.2759
25058.0000 849 234 0.2756
25092.0000 850 234 0.2753
25117.0000 851 234 0.2750
25149.0000 852 234 0.2746
25149.5000 852 235 0.2758
25180.0000 853 235 0.2755
25195.0000 853 236 0.2767
25207.0000 854 236 0.2763
25241.0000 855 236 0.2760
25266.0000 856 236 0.2757
25295.0000 857 236 0.2754
25327.0000 858 236 0.2751
25353.0000 859 236 0.2747
25387.0000 860 236 0.2744
25416.0000 861 236 0.2741
25426.5000 861 237 0.2753
25441.0000 862 237 0.2749
25474.0000 863 237 0.2746
25503.0000 864 237 0.2743
25535.0000 865 237 0.2740
25563.0000 866 237 0.2737
25590.0000 867 237 0.2734
25612.0000 867 238 0.2745
25616.0000 868 238 0.2742
25649.0000 869 238 0.2739
25679.0000 870 238 0.2736
25708.0000 871 238 0.2732
25735.0000 872 238 0.2729
25765.0000 873 238 0.2726
25795.0000 874 238 0.2723
25818.0000 874 239 0.2735
25826.0000 875 239 0.2731
25852.0000 876 239 0.2728
25885.0000 877 239 0.2725
25914.0000 878 239 0.2722
25935.5000 878 240 0.2733
25943.0000 879 240 0.2730
25970.0000 880 240 0.2727
25997.5000 880 241 0.2739
26003.0000 881 241 0.2736
26029.0000 882 241 0.2732
26062.0000 883 241 0.2729
26096.0000 884 241 0.2726
26100.5000 884 242 0.2738
26125.0000 885 242 0.2734
26151.0000 886 242 0.2731
26183.0000 887 242 0.2728
26209.0000 888 242 0.2725
26215.5000 888 243 0.2736
26243.0000 889 243 0.2733
26256.0000 889 244 0.2745
26268.0000 890 244 0.2742
26285.0000 890 245 0.2753
26293.0000 891 245 0.2750
26321.0000 892 245 0.2747
26323.5000 892 246 0.2758
26354.0000 893 246 0.2755
26379.0000 894 246 0.2752
26413.0000 895 246 0.2749
26439.0000 896 246 0.2746
26468.5000 896 247 0.2757
26471.0000 897 247 0.2754
26505.0000 898 247 0.2751
26536.0000 899 247 0.2747
26570.0000 900 247 0.2744
26596.0000 901 247 0.2741
26629.0000 902 247 0.2738
26655.0000 903 247 0.2735
26670.0000 903 248 0.2746
26684.0000 904 248 0.2743
26713.0000 905 248 0.2740
26738.0000 906 248 0.2737
26764.0000 907 248 0.2734
26790.0000 908 248 0.2731
26820.0000 909 248 0.2728
26854.0000 910 248 0.2725
26882.0000 911 248 0.2722
26912.0000 912 248 0.2719
26942.0000 913 248 0.2716
26974.0000 914 248 0.2713
27007.0000 915 248 0.2710
27033.0000 916 248 0.2707
27067.0000 917 248 0.2704
27097.0000 918 248 0.2702
27124.0000 919 248 0.2699
27152.0000 920 248 0.2696
27175.5000 920 249 0.2707
27184.0000 921 249 0.2704
27212.0000 922 249 0.2701
27240.0000 923 249 0.2698
27267.0000 924 249 0.2695
27267.5000 924 250 0.2706
27294.0000 925 250 0.2703
27326.0000 926 250 0.2700
27356.0000 927 250 0.2697
27389.0000 928 250 0.2694
27416.0000 929 250 0.2691
27441.0000 930 250 0.2688
27471.0000 931 250 0.2685
27504.0000 932 250 0.2682
27537.0000 933 250 0.2680
27566.0000 934 250 0.2677
27595.0000 935 250 0.2674
27612.5000 935 251 0.2684
27626.0000 936 251 0.2682
27636.5000 936 252 0.2692
27655.0000 937 252 0.2689
27686.0000 938 252 0.2687
27714.0000 939 252 0.2684
27732.0000 939 253 0.2694
27744.0000 940 253 0.2691
27771.0000 941 253 0.2689
27796.0000 942 253 0.2686
27830.0000 943 253 0.2683
27863.0000 944 253 0.2680
27888.0000 945 253 0.2677
27920.0000 946 253 0.2674
27952.0000 947 253 0.2672
27957.0000 947 254 0.2682
27979.0000 948 254 0.2679
28004.0000 949 254 0.2677
28030.0000 950 254 0.2674
28062.0000 951 254 0.2671
28089.0000 952 254 0.2668
28119.0000 953 254 0.2665
28130.0000 953 255 0.2676
28145.0000 954 255 0.2673
28171.0000 955 255 0.2670
28198.0000 956 255 0.2667
28228.0000 957 255 0.2665
28257.0000 958 255 0.2662
28291.0000 959 255 0.2659
28322.0000 960 255 0.2656
28348.0000 961 255 0.2653
28364.5000 961 256 0.2664
28379.0000 962 256 0.2661
28410.0000 963 256 0.2658
28444.0000 964 256 0.2656
28477.0000 965 256 0.2653
28502.0000 965 257 0.2663
28511.0000 966 257 0.2660
28521.5000 966 258 0.2671
28543.0000 967 258 0.2668
28546.5000 967 259 0.2678
28577.0000 968 259 0.2676
28606.0000 969 259 0.2673
28633.0000 970 259 0.2670
28661.0000 971 259 0.2667
28663.0000 971 260 0.2678
28695.0000 972 260 0.2675
28727.0000 973 260 0.2672
28755.0000 974 260 0.2669
28788.0000 975 260 0.2667
28813.0000 976 260 0.2664
28841.0000 977 260 0.2661
28875.0000 978 260 0.2658
28906.0000 979 260 0.2656
28908.0000 979 261 0.2666
28932.0000 979 262 0.2676
28936.0000 980 262 0.2673
28967.5000 980 263 0.2684
28969.0000 981 263 0.2681
28996.0000 982 263 0.2678
29015.0000 982 264 0.2688
29024.0000 983 264 0.2686
29058.0000 984 264 0.2683
29086.0000 985 264 0.2680
29116.0000 986 264 0.2677
29150.0000 987 264 0.2675
29178.0000 988 264 0.2672
29190.0000 988 265 0.2682
29211.0000 989 265 0.2679
29230.0000 989 266 0.2690
29241.0000 990 266 0.2687
29259.5000 990 267 0.2697
29273.0000 991 267 0.2694
29302.0000 992 267 0.2692
29328.0000 993 267 0.2689
29362.0000 994 267 0.2686
29389.0000 995 267 0.2683
29416.0000 996 267 0.2681
29445.0000 997 267 0.2678
29477.0000 998 267 0.2675
29503.0000 999 267 0.2673
29515.5000 999 268 0.2683
29533.0000 1000 268 0.2680
29560.0000 1001 268 0.2677
29591.0000 1002 268 0.2675
29620.0000 1003 268 0.2672
29629.5000 1003 269 0.2682
29650.0000 1004 269 0.2679
29680.0000 1005 269 0.2677
29705.0000 1006 269 0.2674
29732.0000 1007 269 0.2671
29765.0000 1008 269 0.2669
29795.0000 1009 269 0.2666
29826.0000 1010 269 0.2663
29856.0000 1011 269 0.2661
29881.0000 1012 269 0.2658
29914.0000 1013 269 0.2655
29944.0000 1014 269 0.2653
29957.0000 1014 270 0.2663
29958.5000 1014 271 0.2673
29975.0000 1015 271 0.2670
30007.0000 1016 271 0.2667
30033.0000 1017 271 0.2665
30067.0000 1018 271 0.2662
30101.0000 1019 271 0.2659
30134.0000 1020 271 0.2657
30167.0000 1021 271 0.2654
30192.0000 1022 271 0.2652
30226.0000 1023 271 0.2649
30260.0000 1024 271 0.2646
30288.0000 1025 271 0.2644
30318.0000 1026 271 0.2641
30352.0000 1027 271 0.2639
30368.5000 1027 272 0.2648
30385.0000 1028 272 0.2646
30412.0000 1029 272 0.2643
30446.0000 1030 272 0.2641
30467.0000 1030 273 0.2650
30475.0000 1031 273 0.2648
30503.0000 1032 273 0.2645
30504.0000 1032 274 0.2655
30504.0000 1032 275 0.2665
30536.0000 1033 275 0.2662
30569.0000 1034 275 0.2660
30594.0000 1035 275 0.2657
30623.0000 1036 275 0.2654
30639.5000 1036 276 0.2664
30648.0000 1037 276 0.2662
30678.0000 1037 277 0.2671
30680.0000 1038 277 0.2669
30707.0000 1039 277 0.2666
30735.0000 1040 277 0.2663
30747.5000 1040 278 0.2673
30769.0000 1041 278 0.2671
30802.0000 1042 278 0.2668
30812.0000 1042 279 0.2678
30831.0000 1043 279 0.2675
30831.5000 1043 280 0.2685
30857.0000 1044 280 0.2682
30890.0000 1045 280 0.2679
30901.5000 1045 281 0.2689
30921.0000 1046 281 0.2686
30950.0000 1047 281 0.2684
30982.0000 1048 281 0.2681
31013.0000 1049 281 0.2679
31035.5000 1049 282 0.2688
31043.0000 1050 282 0.2686
31076.0000 1051 282 0.2683
31105.0000 1052 282 0.2681
31139.0000 1053 282 0.2678
31172.0000 1054 282 0.2676
31198.0000 1055 282 0.2673
31228.0000 1056 282 0.2670
31235.0000 1056 283 0.2680
31255.0000 1057 283 0.2677
31289.0000 1058 283 0.2675
31292.0000 1058 284 0.2684
31319.0000 1059 284 0.2682
31331.0000 1059 285 0.2691
31353.0000 1060 285 0.2689
31379.0000 1061 285 0.2686
31408.0000 1062 285 0.2684
31417.5000 1062 286 0.2693
31436.0000 1063 286 0.2690
31464.0000 1064 286 0.2688
31471.0000 1064 287 0.2697
31489.0000 1065 287 0.2695
31519.0000 1066 287 0.2692
31547.5000 1066 288 0.2702
31552.0000 1067 288 0.2699
31577.0000 1068 288 0.2697
31602.0000 1069 288 0.2694
31631.0000 1070 288 0.2692
31663.0000 1071 288 0.2689
31697.0000 1072 288 0.2687
31728.0000 1073 288 0.2684
31755.0000 1074 288 0.2682
31785.0000 1075 288 0.2679
31814.0000 1076 288 0.2677
31839.0000 1077 288 0.2674
31872.0000 1078 288 0.2672
31906.0000 1079 288 0.2669
31934.0000 1080 288 0.2667
31961.0000 1081 288 0.2664
31991.0000 1082 288 0.2662
32018.0000 1083 288 0.2659
32045.0000 1084 288 0.2657
32078.0000 1085 288 0.2654
32105.0000 1086 288 0.2652
32136.0000 1087 288 0.2649
32169.0000 1088 288 0.2647
32197.0000 1089 288 0.2645
32224.0000 1089 289 0.2654
32228.0000 1090 289 0.2651
32258.0000 1091 289 0.2649
32259.5000 1091 290 0.2658
32286.0000 1092 290 0.2656
32320.0000 1093 290 0.2653
32346.0000 1094 290 0.2651
32365.5000 1094 291 0.2660
32376.0000 1095 291 0.2658
32376.5000 1095 292 0.2667
32403.0000 1096 292 0.2664
32406.5000 1096 293 0.2673
32433.0000 1097 293 0.2671
32459.0000 1098 293 0.2668
32459.0000 1098 294 0.2678
32487.0000 1098 295 0.2687
32493.0000 1099 295 0.2684
32493.0000 1099 296 0.2693
32493.0000 1099 297 0.2702
32526.0000 1100 297 0.2700
32543.0000 1100 298 0.2709
32557.0000 1101 298 0.2707
32558.5000 1101 299 0.2716
32587.0000 1102 299 0.2713
32616.0000 1103 299 0.2711
32634.0000 1103 300 0.2720
32640.0000 1103 301 0.2729
32643.0000 1104 301 0.2726
32651.0000 1104 302 0.2736
32652.0000 1104 303 0.2745
32668.5000 1104 304 0.2754
32669.0000 1104 305 0.2763
32672.0000 1105 305 0.2760
32685.5000 1105 306 0.2769
32703.0000 1106 306 0.2767
32734.0000 1107 306 0.2764
32750.5000 1107 307 0.2773
32763.0000 1108 307 0.2771
32797.0000 1109 307 0.2768
32812.0000 1109 308 0.2777
32826.0000 1110 308 0.2775
32855.0000 1111 308 0.2772
32888.0000 1112 308 0.2770
32913.0000 1113 308 0.2767
32941.0000 1114 308 0.2765
32970.0000 1115 308 0.2762
32995.0000 1116 308 0.2760
33025.0000 1117 308 0.2757
33025.5000 1117 309 0.2766
33057.0000 1118 309 0.2764
33086.0000 1119 309 0.2761
33113.0000 1120 309 0.2759
33114.0000 1120 310 0.2768
33114.5000 1120 311 0.2777
33115.0000 1120 312 0.2786
33120.0000 1120 313 0.2795
33132.5000 1120 314 0.2804
33132.5000 1120 315 0.2813
33133.0000 1120 316 0.2821
33139.0000 1121 316 0.2819
33165.0000 1122 316 0.2816
33196.0000 1123 316 0.2814
33229.0000 1124 316 0.2811
33239.5000 1124 317 0.2820
33241.0000 1124 318 0.2829
33261.0000 1125 318 0.2827
33288.0000 1126 318 0.2824
33318.0000 1127 318 0.2822
33349.0000 1128 318 0.2819
33375.0000 1129 318 0.2817
33400.0000 1130 318 0.2814
33426.0000 1131 318 0.2812
33459.0000 1132 318 0.2809
33493.0000 1133 318 0.2807
33522.0000 1134 318 0.2804
33556.0000 1135 318 0.2802
33583.0000 1136 318 0.2799
33608.0000 1137 318 0.2797
33635.0000 1138 318 0.2794
33662.0000 1139 318 0.2792
33690.0000 1140 318 0.2789
33723.0000 1141 318 0.2787
33755.0000 1142 318 0.2785
33783.0000 1143 318 0.2782
33813.0000 1144 318 0.2780
33838.0000 1145 318 0.2777
33865.0000 1146 318 0.2775
33893.0000 1147 318 0.2772
33921.0000 1148 318 0.2770
33953.0000 1149 318 0.2768
33983.0000 1150 318 0.2765
33996.0000 1150 319 0.2774
34008.0000 1151 319 0.2772
34013.5000 1151 320 0.2780
34037.0000 1152 320 0.2778
34063.0000 1153 320 0.2775
34096.0000 1154 320 0.2773
34099.0000 1154 321 0.2782
34128.0000 1155 321 0.2779
34160.0000 1156 321 0.2777
34160.0000 1156 322 0.2785
34193.0000 1157 322 0.2783
34226.0000 1158 322 0.2781
34253.0000 1159 322 0.2778
34279.0000 1160 322 0.2776
34303.0000 1160 323 0.2784
34305.5000 1160 324 0.2793
34309.0000 1161 324 0.2791
34337.0000 1161 325 0.2799
34337.5000 1161 326 0.2808
34343.0000 1162 326 0.2806
34365.5000 1162 327 0.2814
34371.0000 1163 327 0.2812
34403.0000 1164 327 0.2809
34434.0000 1165 327 0.2807
34459.0000 1166 327 0.2804
34488.0000 1167 327 0.2802
34521.0000 1168 327 0.2800
34552.0000 1169 327 0.2797
34578.0000 1170 327 0.2795
34610.0000 1171 327 0.2792
34622.5000 1171 328 0.2801
34640.0000 1172 328 0.2799
34669.0000 1173 328 0.2796
34694.0000 1174 328 0.2794
34722.0000 1175 328 0.2791
34756.0000 1176 328 0.2789
34763.5000 1176 329 0.2798
34782.0000 1177 329 0.2795
34807.0000 1178 329 0.2793
34820.0000 1178 330 0.2801
34840.0000 1179 330 0.2799
34869.0000 1180 330 0.2797
34880.0000 1180 331 0.2805
34895.0000 1181 331 0.2803
34918.0000 1181 332 0.2811
34920.0000 1182 332 0.2809
34952.0000 1183 332 0.2806
34985.0000 1184 332 0.2804
35003.5000 1184 333 0.2813
35012.0000 1185 333 0.2810
35042.0000 1186 333 0.2808
35074.0000 1187 333 0.2805
35105.0000 1188 333 0.2803
35124.5000 1188 334 0.2811
35125.5000 1188 335 0.2820
35139.0000 1189 335 0.2817
35173.0000 1190 335 0.2815
35192.5000 1190 336 0.2824
35203.0000 1191 336 0.2821
35206.0000 1191 337 0.2830
35222.5000 1191 338 0.2838
35234.0000 1192 338 0.2836
35262.0000 1193 338 0.2833
35289.0000 1194 338 0.2831
35323.0000 1195 338 0.2828
35351.0000 1196 338 0.2826
35380.0000 1197 338 0.2824
35414.0000 1198 338 0.2821
35441.0000 1199 338 0.2819
35475.0000 1200 338 0.2817
35503.0000 1201 338 0.2814
35533.0000 1202 338 0.2812
35564.0000 1203 338 0.2810
35590.0000 1204 338 0.2807
35615.0000 1205 338 0.2805
35640.0000 1206 338 0.2803
35672.0000 1207 338 0.2800
35701.0000 1208 338 0.2798
35726.0000 1209 338 0.2796
35755.0000 1210 338 0.2793
35783.0000 1211 338 0.2791
35813.0000 1212 338 0.2789
35842.0000 1213 338 0.2786
35872.0000 1214 338 0.2784
35906.0000 1215 338 0.2782
35935.0000 1216 338 0.2780
35940.0000 1216 339 0.2788
35957.0000 1216 340 0.2796
35962.0000 1217 340 0.2794
35963.0000 1217 341 0.2802
35996.0000 1218 341 0.2800
36022.5000 1218 342 0.2808
36027.0000 1219 342 0.2806
36059.0000 1220 342 0.2803
36088.0000 1221 342 0.2801
36100.0000 1221 343 0.2809
36114.0000 1222 343 0.2807
36139.0000 1223 343 0.2805
36172.0000 1224 343 0.2802
36201.0000 1225 343 0.2800
36227.0000 1226 343 0.2798
36261.0000 1227 343 0.2795
36287.0000 1228 343 0.2793
36318.0000 1229 343 0.2791
36330.0000 1229 344 0.2799
36333.5000 1229 345 0.2807
36350.5000 1229 346 0.2815
36352.0000 1230 346 0.2813
36357.5000 1230 347 0.2821
36374.0000 1230 348 0.2829
36377.0000 1230 349 0.2837
36380.0000 1231 349 0.2835
36385.5000 1231 350 0.2843
36411.0000 1232 350 0.2841
36417.0000 1232 351 0.2849
36442.0000 1233 351 0.2847
36444.0000 1233 352 0.2855
36472.0000 1234 352 0.2853
36496.0000 1234 353 0.2861
36498.0000 1235 353 0.2858
36525.0000 1236 353 0.2856
36559.0000 1237 353 0.2854
36566.5000 1237 354 0.2862
36572.5000 1237 355 0.2870
36589.0000 1238 355 0.2868
36617.0000 1239 355 0.2865
36625.0000 1239 356 0.2873
36647.0000 1240 356 0.2871
36677.0000 1241 356 0.2869
36710.0000 1242 356 0.2866
36740.0000 1243 356 0.2864
36765.0000 1244 356 0.2862
36790.0000 1245 356 0.2859
36820.0000 1246 356 0.2857
36842.5000 1246 357 0.2865
36848.0000 1247 357 0.2863
36876.0000 1248 357 0.2861
36876.5000 1248 358 0.2869
36910.0000 1249 358 0.2866
36916.5000 1249 359 0.2874
36931.5000 1249 360 0.2882
36939.0000 1250 360 0.2880
36968.0000 1251 360 0.2878
36979.0000 1251 361 0.2886
36997.0000 1252 361 0.2883
36999.0000 1252 362 0.2891
36999.5000 1252 363 0.2899
37023.0000 1253 363 0.2897
37055.0000 1254 363 0.2895
37076.0000 1254 364 0.2903
37084.0000 1255 364 0.2900
37114.0000 1256 364 0.2898
37145.0000 1257 364 0.2896
37147.0000 1257 365 0.2904
37179.0000 1258 365 0.2901
37208.0000 1259 365 0.2899
37236.5000 1259 366 0.2907
37239.0000 1260 366 0.2905
37270.0000 1261 366 0.2902
37303.0000 1262 366 0.2900
37333.0000 1263 366 0.2898
37362.0000 1264 366 0.2896
37392.0000 1265 366 0.2893
37403.5000 1265 367 0.2901
37404.0000 1265 368 0.2909
37426.0000 1266 368 0.2907
37456.0000 1267 368 0.2904
37489.0000 1268 368 0.2902
37519.0000 1269 368 0.2900
37546.0000 1270 368 0.2898
37571.0000 1271 368 0.2895
37598.0000 1272 368 0.2893
37613.5000 1272 369 0.2901
37624.0000 1273 369 0.2899
37650.0000 1274 369 0.2896
37661.5000 1274 370 0.2904
37682.0000 1274 371 0.2912
37684.0000 1275 371 0.2910
37713.0000 1276 371 0.2908
37747.0000 1277 371 0.2905
37779.0000 1278 371 0.2903
37811.0000 1279 371 0.2901
37825.0000 1279 372 0.2909
37838.0000 1280 372 0.2906
37869.0000 1281 372 0.2904
37895.0000 1282 372 0.2902
37903.5000 1282 373 0.2910
37922.0000 1283 373 0.2907
37947.0000 1284 373 0.2905
37969.0000 1284 374 0.2913
37973.0000 1285 374 0.2911
37985.0000 1285 375 0.2918
37985.5000 1285 376 0.2926
37988.5000 1285 377 0.2934
37999.0000 1286 377 0.2932
38032.0000 1287 377 0.2929
38034.0000 1287 378 0.2937
38062.0000 1288 378 0.2935
38095.0000 1289 378 0.2933
38101.0000 1289 379 0.2940
38123.0000 1290 379 0.2938
38149.0000 1291 379 0.2936
38181.0000 1292 379 0.2933
38212.0000 1293 379 0.2931
38243.0000 1294 379 0.2929
38272.0000 1295 379 0.2927
38304.0000 1296 379 0.2924
38320.5000 1296 380 0.2932
38333.0000 1297 380 0.2930
38366.0000 1298 380 0.2928
38391.0000 1299 380 0.2925
38408.0000 1299 381 0.2933
38421.0000 1300 381 0.2931
38450.0000 1301 381 0.2929
38483.0000 1302 381 0.2926
38511.0000 1303 381 0.2924
38536.0000 1304 381 0.2922
38564.0000 1305 381 0.2920
38565.5000 1305 382 0.2927
38591.0000 1306 382 0.2925
38593.0000 1306 383 0.2933
38624.0000 1307 383 0.2930
38634.0000 1307 384 0.2938
38651.0000 1308 384 0.2936
38662.0000 1308 385 0.2943
38682.0000 1309 385 0.2941
38710.0000 1310 385 0.2939
38738.0000 1311 385 0.2937
38764.0000 1312 385 0.2934
38795.0000 1313 385 0.2932
38818.0000 1313 386 0.2940
38823.0000 1314 386 0.2938
38851.0000 1315 386 0.2935
38877.0000 1316 386 0.2933
38893.5000 1316 387 0.2941
38904.0000 1317 387 0.2938
38938.0000 1318 387 0.2936
38952.0000 1318 388 0.2944
38964.0000 1319 388 0.2942
38998.0000 1320 388 0.2939
39032.0000 1321 388 0.2937
39057.0000 1322 388 0.2935
39084.0000 1323 388 0.2933
39112.0000 1324 388 0.2931
39130.0000 1324 389 0.2938
39145.0000 1325 389 0.2936
39171.0000 1326 389 0.2934
39179.0000 1326 390 0.2941
39191.5000 1326 391 0.2949
39203.0000 1327 391 0.2946
39230.0000 1328 391 0.2944
39257.0000 1329 391 0.2942
39265.0000 1329 392 0.2950
39283.0000 1330 392 0.2947
39308.0000 1331 392 0.2945
39336.0000 1332 392 0.2943
39343.5000 1332 393 0.2950
39369.0000 1333 393 0.2948
39396.0000 1334 393 0.2946
39396.5000 1334 394 0.2954
39422.0000 1335 394 0.2951
39448.0000 1336 394 0.2949
39482.0000 1337 394 0.2947
39509.0000 1338 394 0.2945
39535.0000 1339 394 0.2942
39565.0000 1340 394 0.2940
39598.0000 1341 394 0.2938
39624.0000 1342 394 0.2936
39656.0000 1343 394 0.2934
39685.0000 1344 394 0.2932
39714.0000 1345 394 0.2929
39741.0000 1346 394 0.2927
39748.5000 1346 395 0.2935
39759.5000 1346 396 0.2942
39775.0000 1347 396 0.2940
39807.0000 1348 396 0.2938
39838.0000 1349 396 0.2936
39863.0000 1350 396 0.2933
39897.0000 1351 396 0.2931
39923.0000 1352 396 0.2929
39949.0000 1353 396 0.2927
39954.0000 1353 397 0.2934
39982.0000 1354 397 0.2932
39982.0000 1354 398 0.2939
40010.0000 1355 398 0.2937
40011.5000 1355 399 0.2945
40044.0000 1356 399 0.2942
40071.0000 1357 399 0.2940
40103.0000 1358 399 0.2938
40137.0000 1359 399 0.2936
40144.5000 1359 400 0.2943
40171.0000 1360 400 0.2941
40198.0000 1361 400 0.2939
40224.0000 1362 400 0.2937
40253.0000 1363 400 0.2935
40277.0000 1363 401 0.2942
40287.0000 1364 401 0.2940
40298.5000 1364 402 0.2947
40320.0000 1365 402 0.2945
40350.0000 1366 402 0.2943
40377.0000 1367 402 0.2941
40409.0000 1368 402 0.2939
40438.5000 1368 403 0.2946
40440.0000 1369 403 0.2944
40471.0000 1370 403 0.2942
40499.5000 1370 404 0.2949
40503.0000 1371 404 0.2947
40535.0000 1372 404 0.2945
40561.0000 1372 405 0.2952
40567.0000 1373 405 0.2950
40592.0000 1374 405 0.2948
40626.0000 1375 405 0.2945
40655.0000 1376 405 0.2943
40685.0000 1377 405 0.2941
40710.0000 1378 405 0.2939
40738.0000 1379 405 0.2937
40771.0000 1380 405 0.2935
40796.0000 1381 405 0.2933
40823.0000 1382 405 0.2931
40849.0000 1383 405 0.2928
40883.0000 1384 405 0.2926
40915.0000 1385 405 0.2924
40948.0000 1386 405 0.2922
40974.0000 1387 405 0.2920
41000.0000 1388 405 0.2918
41026.0000 1389 405 0.2916
41051.0000 1390 405 0.2914
41056.0000 1390 406 0.2921
41080.0000 1391 406 0.2919
41112.0000 1392 406 0.2917
41143.0000 1393 406 0.2915
41175.0000 1394 406 0.2912
41205.0000 1395 406 0.2910
41236.0000 1396 406 0.2908
41262.0000 1397 406 0.2906
41290.0000 1398 406 0.2904
41293.0000 1398 407 0.2911
41324.0000 1399 407 0.2909
41353.0000 1400 407 0.2907
41366.0000 1400 408 0.2914
41379.0000 1401 408 0.2912
41409.0000 1402 408 0.2910
41443.0000 1403 408 0.2908
41469.0000 1404 408 0.2906
41500.0000 1405 408 0.2904
41510.0000 1405 409 0.2911
41526.0000 1406 409 0.2909
41552.0000 1407 409 0.2907
41580.0000 1408 409 0.2905
41606.0000 1409 409 0.2903
41637.0000 1410 409 0.2901
41661.0000 1410 410 0.2908
41664.0000 1411 410 0.2906
41691.0000 1412 410 0.2904
41718.0000 1413 410 0.2902
41752.0000 1414 410 0.2900
41752.5000 1414 411 0.2907
41777.0000 1415 411 0.2905
41810.0000 1416 411 0.2903
41837.0000 1417 411 0.2900
41846.0000 1417 412 0.2908
41852.5000 1417 413 0.2915
41854.0000 1417 414 0.2922
41865.0000 1418 414 0.2920
41875.0000 1418 415 0.2927
41890.0000 1418 416 0.2934
41898.0000 1419 416 0.2932
41923.0000 1420 416 0.2930
41953.0000 1421 416 0.2928
41983.0000 1422 416 0.2925
42009.0000 1423 416 0.2923
42037.0000 1424 416 0.2921
42067.0000 1425 416 0.2919
42094.0000 1426 416 0.2917
42123.0000 1427 416 0.2915
42154.0000 1428 416 0.2913
42180.0000 1429 416 0.2911
42208.0000 1430 416 0.2909
42238.0000 1431 416 0.2907
42263.0000 1432 416 0.2905
42288.0000 1433 416 0.2903
42314.0000 1434 416 0.2901
42342.0000 1435 416 0.2899
42367.0000 1436 416 0.2897
42394.0000 1437 416 0.2895
42427.0000 1438 416 0.2893
42460.0000 1439 416 0.2891
42489.0000 1440 416 0.2889
42517.0000 1441 416 0.2887
42518.5000 1441 417 0.2894
42547.0000 1442 417 0.2892
42579.0000 1443 417 0.2890
42610.0000 1444 417 0.2888
42642.0000 1445 417 0.2886
42675.0000 1446 417 0.2884
42700.0000 1447 417 0.2882
42727.0000 1448 417 0.2880
42757.0000 1449 417 0.2878
42767.0000 1449 418 0.2885
42783.0000 1450 418 0.2883
42792.0000 1450 419 0.2890
42817.0000 1451 419 0.2888
42843.0000 1452 419 0.2886
42875.0000 1453 419 0.2884
42900.0000 1454 419 0.2882
42924.0000 1454 420 0.2889
42925.0000 1455 420 0.2887
42949.0000 1455 421 0.2893
42958.0000 1456 421 0.2891
42974.0000 1456 422 0.2898
42986.0000 1457 422 0.2896
43012.0000 1458 422 0.2894
43041.0000 1459 422 0.2892
43068.0000 1460 422 0.2890
43079.0000 1460 423 0.2897
43096.0000 1461 423 0.2895
43126.0000 1462 423 0.2893
43154.0000 1463 423 0.2891
43180.0000 1464 423 0.2889
43189.0000 1464 424 0.2896
43207.0000 1465 424 0.2894
43239.0000 1466 424 0.2892
43266.0000 1467 424 0.2890
43299.0000 1468 424 0.2888
43324.5000 1468 425 0.2895
43325.5000 1468 426 0.2902
43332.0000 1469 426 0.2900
43364.0000 1470 426 0.2898
43389.0000 1471 426 0.2896
43407.0000 1471 427 0.2903
43417.0000 1472 427 0.2901
43443.0000 1473 427 0.2899
43472.0000 1474 427 0.2897
43486.0000 1474 428 0.2904
43502.0000 1475 428 0.2902
43532.5000 1475 429 0.2908
43535.0000 1476 429 0.2907
43566.0000 1477 429 0.2905
43566.5000 1477 430 0.2911
43596.0000 1478 430 0.2909
43630.0000 1479 430 0.2907
43656.0000 1480 430 0.2905
43682.0000 1481 430 0.2903
43707.0000 1482 430 0.2901
43741.0000 1483 430 0.2900
43768.0000 1484 430 0.2898
43774.0000 1484 431 0.2904
43798.0000 1485 431 0.2902
43829.5000 1485 432 0.2909
43831.0000 1486 432 0.2907
43844.0000 1486 433 0.2914
43864.0000 1487 433 0.2912
43893.0000 1488 433 0.2910
43921.0000 1489 433 0.2908
43931.0000 1489 434 0.2915
43954.0000 1490 434 0.2913
43988.0000 1491 434 0.2911
43999.5000 1491 435 0.2918
44015.0000 1492 435 0.2916
44046.0000 1493 435 0.2914
44077.0000 1494 435 0.2912
44102.0000 1495 435 0.2910
44128.0000 1496 435 0.2908
44155.0000 1497 435 0.2906
44183.0000 1498 435 0.2904
44203.5000 1498 436 0.2911
44209.0000 1499 436 0.2909
44241.0000 1500 436 0.2907
44273.5000 1500 437 0.2913
44274.0000 1501 437 0.2911
44274.0000 1501 438 0.2918
44308.0000 1502 438 0.2916
44334.0000 1503 438 0.2914
44359.0000 1504 438 0.2912
44390.0000 1505 438 0.2910
44408.5000 1505 439 0.2917
44424.0000 1506 439 0.2915
44450.0000 1507 439 0.2913
44478.0000 1508 439 0.2911
44484.0000 1508 440 0.2918
44498.0000 1508 441 0.2924
44509.5000 1508 442 0.2931
44510.0000 1508 443 0.2938
44511.0000 1509 443 0.2936
44512.0000 1509 444 0.2942
44539.0000 1510 444 0.2940
44566.0000 1511 444 0.2938
44596.0000 1512 444 0.2937
44596.5000 1512 445 0.2943
44625.0000 1513 445 0.2941
44657.0000 1514 445 0.2939
44686.0000 1515 445 0.2937
44713.0000 1516 445 0.2935
44740.0000 1517 445 0.2933
44772.0000 1518 445 0.2931
44795.5000 1518 446 0.2938
44797.0000 1519 446 0.2936
44826.0000 1520 446 0.2934
44844.5000 1520 447 0.2941
44845.0000 1520 448 0.2947
44852.0000 1521 448 0.2945
44884.0000 1522 448 0.2943
44886.5000 1522 449 0.2950
44887.0000 1522 450 0.2957
44887.5000 1522 451 0.2963
44891.5000 1522 452 0.2970
44910.0000 1523 452 0.2968
44919.0000 1523 453 0.2974
44919.5000 1523 454 0.2981
44936.0000 1524 454 0.2979
44946.5000 1524 455 0.2986
44947.0000 1524 456 0.2992
44970.0000 1525 456 0.2990
44996.0000 1526 456 0.2988
45028.0000 1527 456 0.2986
45053.0000 1528 456 0.2984
45055.5000 1528 457 0.2991
45081.0000 1529 457 0.2989
45113.0000 1530 457 0.2987
45139.0000 1531 457 0.2985
45139.5000 1531 458 0.2992
45170.0000 1532 458 0.2990
45180.5000 1532 459 0.2996
45203.0000 1533 459 0.2994
45231.0000 1534 459 0.2992
45242.0000 1534 460 0.2999
45264.0000 1535 460 0.2997
45293.0000 1536 460 0.2995
45327.0000 1537 460 0.2993
45358.0000 1538 460 0.2991
45383.0000 1538 461 0.2997
45384.0000 1539 461 0.2995
45414.0000 1540 461 0.2994
45444.0000 1541 461 0.2992
45445.5000 1541 462 0.2998
45446.0000 1541 463 0.3005
45446.5000 1541 464 0.3011
45469.0000 1542 464 0.3009
45470.0000 1542 465 0.3016
45502.0000 1543 465 0.3014
45536.0000 1544 465 0.3012
45537.0000 1544 466 0.3018
45537.5000 1544 467 0.3025
45539.0000 1544 468 0.3031
45567.0000 1545 468 0.3029
45594.0000 1546 468 0.3027
45607.0000 1546 469 0.3034
45622.0000 1547 469 0.3032
45654.0000 1548 469 0.3030
45688.0000 1549 469 0.3028
45713.0000 1550 469 0.3026
45747.0000 1551 469 0.3024
45777.0000 1552 469 0.3022
45808.0000 1553 469 0.3020
45834.0000 1554 469 0.3018
45863.0000 1555 469 0.3016
45892.0000 1556 469 0.3014
45926.0000 1557 469 0.3012
45955.5000 1557 470 0.3019
45956.0000 1558 470 0.3017
45967.0000 1558 471 0.3023
45983.0000 1559 471 0.3021
46010.0000 1559 472 0.3028
46016.0000 1560 472 0.3026
46034.5000 1560 473 0.3032
46047.0000 1561 473 0.3030
46075.0000 1562 473 0.3028
46107.0000 1563 473 0.3026
46119.0000 1563 474 0.3033
46134.0000 1564 474 0.3031
46163.5000 1564 475 0.3037
46165.0000 1565 475 0.3035
46198.0000 1566 475 0.3033
46229.0000 1567 475 0.3031
46258.0000 1568 475 0.3029
46288.0000 1569 475 0.3027
46314.0000 1570 475 0.3025
46343.5000 1570 476 0.3032
46345.0000 1571 476 0.3030
46376.0000 1572 476 0.3028
46409.0000 1573 476 0.3026
46443.0000 1574 476 0.3024
46474.0000 1575 476 0.3022
46503.0000 1576 476 0.3020
46535.0000 1577 476 0.3018
46567.0000 1578 476 0.3016
46574.0000 1578 477 0.3023
46599.0000 1579 477 0.3021
46624.0000 1580 477 0.3019
46652.0000 1581 477 0.3017
46685.0000 1582 477 0.3015
46707.0000 1582 478 0.3021
46712.0000 1583 478 0.3020
46740.5000 1583 479 0.3026
46742.0000 1584 479 0.3024
46772.0000 1585 479 0.3022
46800.0000 1586 479 0.3020
46832.0000 1587 479 0.3018
46863.0000 1588 479 0.3016
46888.0000 1589 479 0.3014
46915.0000 1590 479 0.3013
46945.0000 1591 479 0.3011
46972.0000 1592 479 0.3009
46997.0000 1593 479 0.3007
47030.0000 1594 479 0.3005
47059.0000 1595 479 0.3003
47092.0000 1596 479 0.3001
47119.0000 1597 479 0.2999
47137.0000 1597 480 0.3006
47145.0000 1598 480 0.3004
47174.0000 1599 480 0.3002
47199.0000 1600 480 0.3000
47233.0000 1601 480 0.2998
47260.0000 1602 480 0.2996
47262.0000 1602 481 0.3002
47291.0000 1603 481 0.3001
47325.0000 1604 481 0.2999
47356.0000 1605 481 0.2997
47388.0000 1606 481 0.2995
47389.0000 1606 482 0.3001
47418.0000 1607 482 0.2999
47451.0000 1608 482 0.2998
47454.0000 1608 483 0.3004
47484.0000 1609 483 0.3002
47516.0000 1610 483 0.3000
47542.0000 1611 483 0.2998
47570.0000 1612 483 0.2996
47596.0000 1613 483 0.2994
47627.0000 1614 483 0.2993
47659.0000 1615 483 0.2991
47677.0000 1615 484 0.2997
47684.0000 1615 485 0.3003
47691.0000 1616 485 0.3001
47721.0000 1617 485 0.2999
47750.0000 1618 485 0.2998
47780.0000 1619 485 0.2996
47811.0000 1620 485 0.2994
47837.0000 1621 485 0.2992
47870.0000 1622 485 0.2990
47898.0000 1623 485 0.2988
47923.0000 1624 485 0.2986
47956.0000 1625 485 0.2985
47984.0000 1626 485 0.2983
48011.0000 1627 485 0.2981
48024.5000 1627 486 0.2987
48045.0000 1628 486 0.2985
48070.0000 1629 486 0.2983
48099.0000 1630 486 0.2982
48131.0000 1631 486 0.2980
48144.0000 1631 487 0.2986
48158.0000 1632 487 0.2984
48184.0000 1633 487 0.2982
48202.5000 1633 488 0.2988
48217.0000 1634 488 0.2987
48246.5000 1634 489 0.2993
48249.0000 1635 489 0.2991
48283.0000 1636 489 0.2989
48312.0000 1637 489 0.2987
48315.5000 1637 490 0.2993
48342.0000 1638 490 0.2991
48375.0000 1639 490 0.2990
48406.0000 1640 490 0.2988
48437.0000 1641 490 0.2986
48465.0000 1642 490 0.2984
48490.0000 1643 490 0.2982
48520.0000 1644 490 0.2981
48536.5000 1644 491 0.2987
48550.0000 1645 491 0.2985
48575.0000 1646 491 0.2983
48575.0000 1646 492 0.2989
48602.0000 1647 492 0.2987
48627.0000 1648 492 0.2985
48652.5000 1648 493 0.2992
48656.0000 1649 493 0.2990
48674.5000 1649 494 0.2996
48682.0000 1650 494 0.2994
48709.0000 1651 494 0.2992
48711.0000 1651 495 0.2998
48737.0000 1652 495 0.2996
48765.0000 1653 495 0.2995
48797.0000 1654 495 0.2993
48830.0000 1655 495 0.2991
48844.0000 1655 496 0.2997
48856.0000 1656 496 0.2995
48885.0000 1657 496 0.2993
48918.0000 1658 496 0.2992
48945.0000 1659 496 0.2990
48970.0000 1660 496 0.2988
48995.0000 1661 496 0.2986
49028.0000 1662 496 0.2984
49054.0000 1663 496 0.2983
49082.0000 1664 496 0.2981
49086.0000 1664 497 0.2987
49114.0000 1665 497 0.2985
49144.0000 1666 497 0.2983
49169.0000 1667 497 0.2981
49196.0000 1668 497 0.2980
49219.5000 1668 498 0.2986
49226.0000 1669 498 0.2984
49240.0000 1669 499 0.2990
49260.0000 1670 499 0.2988
49285.0000 1671 499 0.2986
49285.5000 1671 500 0.2992
49315.0000 1672 500 0.2990
49340.0000 1673 500 0.2989
49362.5000 1673 501 0.2995
49370.0000 1674 501 0.2993
49400.0000 1675 501 0.2991
49430.0000 1676 501 0.2989
49458.0000 1677 501 0.2987
49492.0000 1678 501 0.2986
49525.0000 1679 501 0.2984
49531.0000 1679 502 0.2990
49551.0000 1680 502 0.2988
49579.0000 1681 502 0.2986
49611.0000 1682 502 0.2985
49640.0000 1683 502 0.2983
49645.5000 1683 503 0.2989
49666.0000 1684 503 0.2987
49698.0000 1685 503 0.2985
49723.0000 1686 503 0.2983
49748.0000 1687 503 0.2982
49774.0000 1688 503 0.2980
49806.0000 1689 503 0.2978
49837.0000 1690 503 0.2976
49865.0000 1691 503 0.2975
49866.0000 1691 504 0.2980
49890.0000 1692 504 0.2979
49911.5000 1692 505 0.2985
49915.0000 1693 505 0.2983
49941.0000 1694 505 0.2981
49972.0000 1695 505 0.2979
50006.0000 1696 505 0.2978
50031.0000 1697 505 0.2976
50064.0000 1698 505 0.2974
50091.0000 1699 505 0.2972
50118.0000 1700 505 0.2971
50149.0000 1701 505 0.2969
50167.0000 1701 506 0.2975
50167.5000 1701 507 0.2981
50171.5000 1701 508 0.2986
50181.0000 1702 508 0.2985
50211.0000 1703 508 0.2983
50220.0000 1703 509 0.2989
50238.0000 1704 509 0.2987
50239.0000 1704 510 0.2993
50267.0000 1705 510 0.2991
50296.5000 1705 511 0.2997
50300.0000 1706 511 0.2995
50326.0000 1707 511 0.2994
50351.0000 1708 511 0.2992
50374.5000 1708 512 0.2998
50381.0000 1709 512 0.2996
50413.0000 1710 512 0.2994
50443.0000 1711 512 0.2992
50473.0000 1712 512 0.2991
50503.0000 1713 512 0.2989
50533.0000 1714 512 0.2987
50549.5000 1714 513 0.2993
50562.0000 1715 513 0.2991
50562.5000 1715 514 0.2997
50590.0000 1716 514 0.2995
50616.0000 1717 514 0.2994
50641.0000 1718 514 0.2992
50641.5000 1718 515 0.2998
50675.0000 1719 515 0.2996
50708.0000 1720 515 0.2994
50734.0000 1721 515 0.2992
50759.0000 1722 515 0.2991
50784.0000 1723 515 0.2989
50811.0000 1724 515 0.2987
50843.0000 1725 515 0.2986
50863.5000 1725 516 0.2991
50877.0000 1726 516 0.2990
50877.5000 1726 517 0.2995
50909.0000 1727 517 0.2994
50932.5000 1727 518 0.2999
50934.0000 1727 519 0.3005
50939.5000 1727 520 0.3011
50940.0000 1728 520 0.3009
50966.0000 1729 520 0.3008
50993.0000 1730 520 0.3006
51019.0000 1731 520 0.3004
51049.0000 1732 520 0.3002
51079.0000 1733 520 0.3001
51086.0000 1733 521 0.3006
51105.0000 1734 521 0.3005
51131.0000 1735 521 0.3003
51160.0000 1736 521 0.3001
51186.0000 1737 521 0.2999
51214.0000 1738 521 0.2998
51248.0000 1739 521 0.2996
51278.0000 1740 521 0.2994
51312.0000 1741 521 0.2993
51346.0000 1742 521 0.2991
51380.0000 1743 521 0.2989
51382.0000 1743 522 0.2995
51413.0000 1744 522 0.2993
51441.0000 1745 522 0.2991
51468.0000 1746 522 0.2990
51490.5000 1746 523 0.2995
51498.0000 1747 523 0.2994
51524.0000 1748 523 0.2992
51528.0000 1748 524 0.2998
51556.0000 1749 524 0.2996
51578.0000 1749 525 0.3002
51585.0000 1750 525 0.3000
51611.0000 1751 525 0.2998
51637.0000 1752 525 0.2997
51671.0000 1753 525 0.2995
51700.0000 1754 525 0.2993
51727.0000 1755 525 0.2991
51760.0000 1756 525 0.2990
51788.0000 1757 525 0.2988
51819.0000 1758 525 0.2986
51846.0000 1759 525 0.2985
51876.0000 1760 525 0.2983
51904.0000 1761 525 0.2981
51926.0000 1761 526 0.2987
51930.0000 1762 526 0.2985
51957.0000 1763 526 0.2984
51991.0000 1764 526 0.2982
52020.0000 1765 526 0.2980
52032.0000 1765 527 0.2986
52049.0000 1766 527 0.2984
52050.0000 1766 528 0.2990
52082.0000 1767 528 0.2988
52111.0000 1768 528 0.2986
52142.0000 1769 528 0.2985
52144.0000 1769 529 0.2990
52173.0000 1770 529 0.2989
52202.0000 1771 529 0.2987
52221.0000 1771 530 0.2993
52232.0000 1772 530 0.2991
52257.0000 1773 530 0.2989
52289.0000 1774 530 0.2988
52316.0000 1775 530 0.2986
52349.0000 1776 530 0.2984
52350.5000 1776 531 0.2990
52364.5000 1776 532 0.2995
52378.0000 1777 532 0.2994
52408.0000 1778 532 0.2992
52435.0000 1779 532 0.2990
52464.0000 1780 532 0.2989
52489.0000 1781 532 0.2987
52522.0000 1782 532 0.2985
52550.0000 1783 532 0.2984
52573.5000 1783 533 0.2989
52576.0000 1784 533 0.2988
52597.5000 1784 534 0.2993
52604.0000 1785 534 0.2992
52636.0000 1786 534 0.2990
52667.0000 1787 534 0.2988
52701.0000 1788 534 0.2987
52732.0000 1789 534 0.2985
52763.0000 1790 534 0.2983
52790.0000 1791 534 0.2982
52795.0000 1791 535 0.2987
52821.0000 1792 535 0.2985
52855.0000 1793 535 0.2984
52877.5000 1793 536 0.2989
52882.0000 1794 536 0.2988
52912.0000 1795 536 0.2986
52938.0000 1796 536 0.2984
52971.0000 1797 536 0.2983
52999.0000 1798 536 0.2981
53027.0000 1799 536 0.2979
53061.0000 1800 536 0.2978
53092.0000 1801 536 0.2976
53092.5000 1801 537 0.2982
53117.0000 1802 537 0.2980
53145.0000 1803 537 0.2978
53174.0000 1804 537 0.2977
53203.0000 1805 537 0.2975
53232.0000 1806 537 0.2973
53232.5000 1806 538 0.2979
53239.0000 1806 539 0.2984
53260.0000 1807 539 0.2983
53286.0000 1808 539 0.2981
53317.0000 1809 539 0.2980
53348.0000 1810 539 0.2978
53378.0000 1811 539 0.2976
53403.0000 1811 540 0.2982
53407.0000 1812 540 0.2980
53437.0000 1813 540 0.2978
53456.0000 1813 541 0.2984
53462.0000 1814 541 0.2982
53495.0000 1815 541 0.2981
53527.0000 1816 541 0.2979
53558.0000 1817 541 0.2977
53583.0000 1818 541 0.2976
53610.0000 1819 541 0.2974
53641.0000 1820 541 0.2973
53672.0000 1821 541 0.2971
53705.0000 1822 541 0.2969
53726.0000 1822 542 0.2975
53737.0000 1823 542 0.2973
53768.0000 1824 542 0.2971
53797.0000 1825 542 0.2970
53824.0000 1826 542 0.2968
53856.0000 1827 542 0.2967
53881.0000 1828 542 0.2965
53909.0000 1829 542 0.2963
53941.0000 1830 542 0.2962
53975.0000 1831 542 0.2960
53987.5000 1831 543 0.2966
54009.0000 1832 543 0.2964
54033.0000 1832 544 0.2969
54038.0000 1833 544 0.2968
54072.0000 1834 544 0.2966
54100.0000 1835 544 0.2965
54102.0000 1835 545 0.2970
54130.0000 1836 545 0.2968
54161.0000 1837 545 0.2967
54193.0000 1838 545 0.2965
54222.0000 1839 545 0.2964
54253.0000 1840 545 0.2962
54278.0000 1841 545 0.2960
54311.0000 1842 545 0.2959
54342.0000 1843 545 0.2957
54375.0000 1844 545 0.2956
54401.0000 1845 545 0.2954
54404.0000 1845 546 0.2959
54435.0000 1846 546 0.2958
54465.0000 1846 547 0.2963
54467.0000 1847 547 0.2962
54494.0000 1848 547 0.2960
54525.0000 1849 547 0.2958
54557.0000 1850 547 0.2957
54583.0000 1851 547 0.2955
54615.0000 1852 547 0.2954
54639.5000 1852 548 0.2959
54640.0000 1853 548 0.2957
54671.0000 1854 548 0.2956
54692.5000 1854 549 0.2961
54697.0000 1855 549 0.2960
54724.0000 1856 549 0.2958
54752.0000 1857 549 0.2956
54781.0000 1858 549 0.2955
54806.0000 1859 549 0.2953
54835.0000 1860 549 0.2952
54862.0000 1861 549 0.2950
54891.0000 1862 549 0.2948
54921.0000 1863 549 0.2947
54949.0000 1864 549 0.2945
54978.0000 1865 549 0.2944
55011.0000 1866 549 0.2942
55021.0000 1866 550 0.2947
55043.0000 1867 550 0.2946
55070.0000 1868 550 0.2944
55104.0000 1869 550 0.2943
55134.0000 1870 550 0.2941
55161.0000 1871 550 0.2940
55193.0000 1872 550 0.2938
55224.0000 1873 550 0.2936
55251.0000 1874 550 0.2935
55280.0000 1875 550 0.2933
55309.0000 1876 550 0.2932
55337.0000 1877 550 0.2930
55366.0000 1878 550 0.2929
55391.0000 1879 550 0.2927
55418.0000 1880 550 0.2926
55448.0000 1881 550 0.2924
55477.0000 1882 550 0.2922
55510.0000 1883 550 0.2921
55540.0000 1884 550 0.2919
55573.0000 1885 550 0.2918
55599.0000 1886 550 0.2916
55624.0000 1887 550 0.2915
55653.0000 1888 550 0.2913
55687.0000 1889 550 0.2912
55718.0000 1890 550 0.2910
55722.5000 1890 551 0.2915
55746.0000 1891 551 0.2914
55777.0000 1892 551 0.2912
55807.0000 1893 551 0.2911
55835.0000 1894 551 0.2909
55868.0000 1895 551 0.2908
55896.0000 1896 551 0.2906
55928.0000 1897 551 0.2905
55959.0000 1898 551 0.2903
55961.5000 1898 552 0.2908
55985.0000 1899 552 0.2907
56011.0000 1900 552 0.2905
56036.0000 1901 552 0.2904
56069.0000 1902 552 0.2902
56103.0000 1903 552 0.2901
56135.0000 1904 552 0.2899
56162.0000 1905 552 0.2898
56177.0000 1905 553 0.2903
56191.0000 1906 553 0.2901
56192.5000 1906 554 0.2907
56220.0000 1907 554 0.2905
56249.0000 1908 554 0.2904
56281.0000 1909 554 0.2902
56307.0000 1909 555 0.2907
56311.0000 1910 555 0.2906
56343.0000 1911 555 0.2904
56343.5000 1911 556 0.2909
56371.0000 1912 556 0.2908
56372.5000 1912 557 0.2913
56402.0000 1913 557 0.2912
56433.0000 1914 557 0.2910
56460.0000 1915 557 0.2909
56487.0000 1916 557 0.2907
56499.0000 1916 558 0.2912
56517.0000 1917 558 0.2911
56547.0000 1918 558 0.2909
56578.0000 1919 558 0.2908
56608.0000 1920 558 0.2906
56615.0000 1920 559 0.2911
56621.0000 1920 560 0.2917
56633.0000 1920 561 0.2922
56638.0000 1921 561 0.2920
56669.5000 1921 562 0.2926
56670.0000 1922 562 0.2924
56698.0000 1923 562 0.2923
56727.0000 1924 562 0.2921
56759.0000 1925 562 0.2919
56766.0000 1925 563 0.2925
56792.0000 1926 563 0.2923
56796.5000 1926 564 0.2928
56824.0000 1927 564 0.2927
56832.0000 1927 565 0.2932
56853.0000 1928 565 0.2930
56853.5000 1928 566 0.2936
56856.0000 1928 567 0.2941
56880.0000 1929 567 0.2939
56912.0000 1930 567 0.2938
56934.0000 1930 568 0.2943
56946.0000 1931 568 0.2941
56973.0000 1932 568 0.2940
56973.5000 1932 569 0.2945
57000.5000 1932 570 0.2950
57001.0000 1933 570 0.2949
57031.0000 1934 570 0.2947
57057.0000 1935 570 0.2946
57083.0000 1936 570 0.2944
57099.5000 1936 571 0.2949
57109.0000 1937 571 0.2948
57141.0000 1938 571 0.2946
57164.0000 1938 572 0.2951
57169.0000 1939 572 0.2950
57201.0000 1940 572 0.2948
57229.0000 1941 572 0.2947
57255.0000 1942 572 0.2945
57256.0000 1942 573 0.2951
57286.0000 1943 573 0.2949
57317.0000 1944 573 0.2948
57344.0000 1945 573 0.2946
57369.0000 1946 573 0.2945
57370.5000 1946 574 0.2950
57395.0000 1947 574 0.2948
57428.0000 1948 574 0.2947
57451.5000 1948 575 0.2952
57459.0000 1949 575 0.2950
57470.5000 1949 576 0.2955
57486.0000 1950 576 0.2954
57519.0000 1951 576 0.2952
57544.0000 1952 576 0.2951
57576.0000 1953 576 0.2949
