# messageDelay  cumulativeProbability
0.5000 0.0005
0.5000 0.0010
0.5000 0.0015
0.5000 0.0020
0.5000 0.0026
0.5000 0.0031
0.5000 0.0036
0.5000 0.0041
0.5000 0.0046
0.5000 0.0051
0.5000 0.0056
0.5000 0.0061
0.5000 0.0067
0.5000 0.0072
0.5000 0.0077
0.5000 0.0082
0.5000 0.0087
0.5000 0.0092
0.5000 0.0097
0.5000 0.0102
0.5000 0.0108
0.5000 0.0113
0.5000 0.0118
0.5000 0.0123
0.5000 0.0128
0.5000 0.0133
0.5000 0.0138
0.5000 0.0143
0.5000 0.0148
0.5000 0.0154
0.5000 0.0159
0.5000 0.0164
0.5000 0.0169
0.5000 0.0174
0.5000 0.0179
0.5000 0.0184
1.0000 0.0189
1.0000 0.0195
1.0000 0.0200
1.0000 0.0205
1.0000 0.0210
1.0000 0.0215
1.0000 0.0220
1.0000 0.0225
1.0000 0.0230
1.5000 0.0236
1.5000 0.0241
1.5000 0.0246
1.5000 0.0251
1.5000 0.0256
1.5000 0.0261
1.5000 0.0266
1.5000 0.0271
1.5000 0.0276
2.0000 0.0282
2.0000 0.0287
2.0000 0.0292
2.0000 0.0297
2.0000 0.0302
2.0000 0.0307
2.0000 0.0312
2.0000 0.0317
2.0000 0.0323
2.0000 0.0328
2.0000 0.0333
2.0000 0.0338
2.0000 0.0343
2.0000 0.0348
2.0000 0.0353
2.5000 0.0358
2.5000 0.0364
2.5000 0.0369
2.5000 0.0374
2.5000 0.0379
3.0000 0.0384
3.0000 0.0389
3.0000 0.0394
3.0000 0.0399
3.5000 0.0405
4.0000 0.0410
4.0000 0.0415
5.0000 0.0420
5.5000 0.0425
23.5000 0.0430
38.5000 0.0435
60.5000 0.0440
92.0000 0.0445
103.5000 0.0451
110.0000 0.0456
113.0000 0.0461
141.0000 0.0466
142.0000 0.0471
150.5000 0.0476
191.0000 0.0481
235.5000 0.0486
245.0000 0.0492
245.0000 0.0497
256.0000 0.0502
269.0000 0.0507
282.0000 0.0512
283.0000 0.0517
284.0000 0.0522
284.5000 0.0527
288.0000 0.0533
288.0000 0.0538
311.5000 0.0543
325.5000 0.0548
326.0000 0.0553
334.0000 0.0558
343.5000 0.0563
349.0000 0.0568
355.0000 0.0573
374.0000 0.0579
393.5000 0.0584
397.5000 0.0589
406.0000 0.0594
407.5000 0.0599
416.5000 0.0604
419.5000 0.0609
425.5000 0.0614
427.5000 0.0620
430.5000 0.0625
443.5000 0.0630
447.5000 0.0635
450.5000 0.0640
456.5000 0.0645
457.5000 0.0650
458.0000 0.0655
459.0000 0.0661
461.0000 0.0666
469.5000 0.0671
471.0000 0.0676
508.0000 0.0681
523.5000 0.0686
529.5000 0.0691
532.5000 0.0696
537.5000 0.0701
547.0000 0.0707
550.5000 0.0712
553.0000 0.0717
554.5000 0.0722
557.0000 0.0727
578.5000 0.0732
582.5000 0.0737
615.0000 0.0742
618.0000 0.0748
622.0000 0.0753
647.5000 0.0758
649.5000 0.0763
654.0000 0.0768
655.0000 0.0773
666.0000 0.0778
669.0000 0.0783
670.5000 0.0789
674.5000 0.0794
679.0000 0.0799
685.0000 0.0804
689.0000 0.0809
702.5000 0.0814
704.5000 0.0819
713.0000 0.0824
715.5000 0.0829
718.0000 0.0835
732.0000 0.0840
756.5000 0.0845
756.5000 0.0850
772.0000 0.0855
792.0000 0.0860
792.5000 0.0865
796.0000 0.0870
798.0000 0.0876
812.0000 0.0881
813.0000 0.0886
820.0000 0.0891
820.0000 0.0896
821.0000 0.0901
824.5000 0.0906
828.0000 0.0911
835.0000 0.0917
845.0000 0.0922
846.0000 0.0927
849.0000 0.0932
852.0000 0.0937
869.5000 0.0942
874.0000 0.0947
891.0000 0.0952
906.0000 0.0958
926.5000 0.0963
928.0000 0.0968
929.5000 0.0973
935.0000 0.0978
948.5000 0.0983
948.5000 0.0988
951.0000 0.0993
957.5000 0.0998
995.0000 0.1004
1007.0000 0.1009
1016.0000 0.1014
1024.0000 0.1019
1026.5000 0.1024
1035.0000 0.1029
1035.0000 0.1034
1037.0000 0.1039
1042.0000 0.1045
1042.5000 0.1050
1044.0000 0.1055
1048.0000 0.1060
1048.5000 0.1065
1050.0000 0.1070
1053.5000 0.1075
1055.0000 0.1080
1056.0000 0.1086
1069.0000 0.1091
1075.0000 0.1096
1079.5000 0.1101
1084.0000 0.1106
1086.5000 0.1111
1097.0000 0.1116
1109.5000 0.1121
1118.5000 0.1126
1121.0000 0.1132
1149.0000 0.1137
1150.0000 0.1142
1151.5000 0.1147
1159.0000 0.1152
1161.0000 0.1157
1174.5000 0.1162
1178.5000 0.1167
1179.5000 0.1173
1202.5000 0.1178
1203.5000 0.1183
1211.0000 0.1188
1215.5000 0.1193
1242.5000 0.1198
1253.5000 0.1203
1259.0000 0.1208
1261.5000 0.1214
1264.5000 0.1219
1272.0000 0.1224
1289.5000 0.1229
1290.5000 0.1234
1291.5000 0.1239
1291.5000 0.1244
1300.5000 0.1249
1303.0000 0.1254
1306.5000 0.1260
1330.0000 0.1265
1341.5000 0.1270
1342.0000 0.1275
1350.0000 0.1280
1354.5000 0.1285
1355.5000 0.1290
1358.5000 0.1295
1360.0000 0.1301
1375.0000 0.1306
1380.0000 0.1311
1390.5000 0.1316
1396.0000 0.1321
1399.0000 0.1326
1418.5000 0.1331
1428.5000 0.1336
1455.5000 0.1342
1458.0000 0.1347
1469.0000 0.1352
1474.5000 0.1357
1495.5000 0.1362
1503.5000 0.1367
1509.5000 0.1372
1514.0000 0.1377
1520.0000 0.1382
1572.0000 0.1388
1596.0000 0.1393
1626.0000 0.1398
1632.5000 0.1403
1633.5000 0.1408
1653.5000 0.1413
1664.0000 0.1418
1669.5000 0.1423
1691.0000 0.1429
1692.0000 0.1434
1697.5000 0.1439
1698.0000 0.1444
1698.5000 0.1449
1699.5000 0.1454
1708.0000 0.1459
1710.0000 0.1464
1711.0000 0.1470
1716.0000 0.1475
1716.0000 0.1480
1720.0000 0.1485
1721.5000 0.1490
1728.0000 0.1495
1730.0000 0.1500
1737.5000 0.1505
1739.0000 0.1510
1748.0000 0.1516
1752.0000 0.1521
1755.5000 0.1526
1765.0000 0.1531
1769.5000 0.1536
1771.0000 0.1541
1791.5000 0.1546
1791.5000 0.1551
1805.0000 0.1557
1813.5000 0.1562
1818.5000 0.1567
1821.0000 0.1572
1821.0000 0.1577
1846.5000 0.1582
1859.0000 0.1587
1866.5000 0.1592
1881.0000 0.1598
1882.0000 0.1603
1888.5000 0.1608
1889.5000 0.1613
1890.0000 0.1618
1909.5000 0.1623
1910.5000 0.1628
1915.0000 0.1633
1921.0000 0.1639
1923.0000 0.1644
1954.0000 0.1649
1954.5000 0.1654
1974.5000 0.1659
1981.0000 0.1664
1988.0000 0.1669
1999.5000 0.1674
2006.0000 0.1679
2014.5000 0.1685
2020.5000 0.1690
2022.5000 0.1695
2027.0000 0.1700
2037.0000 0.1705
2046.0000 0.1710
2053.0000 0.1715
2054.0000 0.1720
2072.5000 0.1726
2109.0000 0.1731
2110.5000 0.1736
2123.0000 0.1741
2154.0000 0.1746
2156.5000 0.1751
2178.5000 0.1756
2195.5000 0.1761
2200.0000 0.1767
2215.0000 0.1772
2219.5000 0.1777
2223.5000 0.1782
2231.5000 0.1787
2235.5000 0.1792
2239.5000 0.1797
2243.0000 0.1802
2259.0000 0.1807
2278.0000 0.1813
2305.5000 0.1818
2314.5000 0.1823
2325.0000 0.1828
2343.0000 0.1833
2350.0000 0.1838
2368.0000 0.1843
2369.0000 0.1848
2438.5000 0.1854
2460.0000 0.1859
2464.0000 0.1864
2486.0000 0.1869
2492.5000 0.1874
2495.5000 0.1879
2565.0000 0.1884
2593.0000 0.1889
2597.0000 0.1895
2604.5000 0.1900
2612.5000 0.1905
2634.5000 0.1910
2638.5000 0.1915
2648.5000 0.1920
2659.0000 0.1925
2668.0000 0.1930
2683.5000 0.1935
2684.5000 0.1941
2691.5000 0.1946
2694.0000 0.1951
2698.0000 0.1956
2699.5000 0.1961
2760.0000 0.1966
2764.0000 0.1971
2780.0000 0.1976
2795.0000 0.1982
2806.0000 0.1987
2825.0000 0.1992
2836.5000 0.1997
2842.0000 0.2002
2845.0000 0.2007
2848.5000 0.2012
2850.0000 0.2017
2874.5000 0.2023
2897.5000 0.2028
2908.5000 0.2033
2909.5000 0.2038
2932.5000 0.2043
2963.0000 0.2048
3057.5000 0.2053
3082.0000 0.2058
3086.0000 0.2063
3161.5000 0.2069
3169.5000 0.2074
3172.5000 0.2079
3184.5000 0.2084
3191.0000 0.2089
3204.5000 0.2094
3217.0000 0.2099
3264.5000 0.2104
3270.0000 0.2110
3270.5000 0.2115
3287.5000 0.2120
3349.0000 0.2125
3375.0000 0.2130
3385.5000 0.2135
3387.5000 0.2140
3392.5000 0.2145
3416.5000 0.2151
3430.0000 0.2156
3432.5000 0.2161
3452.0000 0.2166
3464.5000 0.2171
3469.5000 0.2176
3481.5000 0.2181
3515.5000 0.2186
3516.0000 0.2192
3525.0000 0.2197
3533.5000 0.2202
3547.0000 0.2207
3559.5000 0.2212
3561.5000 0.2217
3563.5000 0.2222
3600.0000 0.2227
3601.5000 0.2232
3617.0000 0.2238
3618.0000 0.2243
3634.0000 0.2248
3708.0000 0.2253
3715.0000 0.2258
3724.5000 0.2263
3729.0000 0.2268
3746.5000 0.2273
3749.0000 0.2279
3766.0000 0.2284
3793.0000 0.2289
3874.0000 0.2294
3879.0000 0.2299
3929.5000 0.2304
3947.5000 0.2309
3972.5000 0.2314
3987.5000 0.2320
4051.5000 0.2325
4062.5000 0.2330
4080.0000 0.2335
4130.5000 0.2340
4159.5000 0.2345
4175.5000 0.2350
4224.5000 0.2355
4271.0000 0.2360
4324.5000 0.2366
4333.5000 0.2371
4334.5000 0.2376
4346.5000 0.2381
4374.0000 0.2386
4382.0000 0.2391
4388.0000 0.2396
4424.0000 0.2401
4430.0000 0.2407
4466.5000 0.2412
4492.0000 0.2417
4502.5000 0.2422
4516.5000 0.2427
4560.5000 0.2432
4579.0000 0.2437
4616.0000 0.2442
4642.0000 0.2448
4690.0000 0.2453
4702.5000 0.2458
4729.0000 0.2463
4732.5000 0.2468
4733.5000 0.2473
4758.0000 0.2478
4895.0000 0.2483
4903.5000 0.2488
4920.5000 0.2494
4941.5000 0.2499
4943.0000 0.2504
5003.5000 0.2509
5013.0000 0.2514
5014.5000 0.2519
5048.5000 0.2524
5237.0000 0.2529
5256.5000 0.2535
5297.5000 0.2540
5324.0000 0.2545
5333.5000 0.2550
5356.5000 0.2555
5363.5000 0.2560
5445.5000 0.2565
5507.5000 0.2570
5517.0000 0.2576
5579.5000 0.2581
5641.0000 0.2586
5664.5000 0.2591
5718.0000 0.2596
5803.5000 0.2601
5819.0000 0.2606
5832.0000 0.2611
5858.5000 0.2616
5869.5000 0.2622
5918.5000 0.2627
5956.0000 0.2632
5982.0000 0.2637
6029.0000 0.2642
6042.5000 0.2647
6093.0000 0.2652
6172.0000 0.2657
6289.0000 0.2663
6351.0000 0.2668
6484.5000 0.2673
6503.5000 0.2678
6618.0000 0.2683
6629.5000 0.2688
6681.5000 0.2693
6831.5000 0.2698
7006.5000 0.2704
7041.0000 0.2709
7090.5000 0.2714
7149.0000 0.2719
7339.5000 0.2724
7454.0000 0.2729
7649.0000 0.2734
7665.5000 0.2739
7740.0000 0.2744
7981.0000 0.2750
8055.0000 0.2755
8110.0000 0.2760
8238.5000 0.2765
8299.0000 0.2770
8373.5000 0.2775
8594.5000 0.2780
8774.5000 0.2785
8848.5000 0.2791
9132.0000 0.2796
9286.5000 0.2801
9539.5000 0.2806
9836.5000 0.2811
10509.5000 0.2816
11262.0000 0.2821
11428.0000 0.2826
11505.5000 0.2832
12100.5000 0.2837
12250.0000 0.2842
12829.0000 0.2847
13464.5000 0.2852
13688.5000 0.2857
13696.0000 0.2862
13930.0000 0.2867
13960.0000 0.2873
14250.0000 0.2878
14661.5000 0.2883
14798.0000 0.2888
15183.5000 0.2893
15338.5000 0.2898
15433.5000 0.2903
15467.5000 0.2908
15669.5000 0.2913
16314.0000 0.2919
16337.0000 0.2924
16422.0000 0.2929
16829.5000 0.2934
17107.0000 0.2939
17593.5000 0.2944
17615.0000 0.2949
