# time  created  delivered  delivered/created
32.0000 1 0 0.0000
58.0000 2 0 0.0000
84.0000 3 0 0.0000
112.0000 4 0 0.0000
144.0000 5 0 0.0000
170.0000 6 0 0.0000
203.0000 7 0 0.0000
233.0000 8 0 0.0000
265.0000 9 0 0.0000
291.0000 10 0 0.0000
320.0000 11 0 0.0000
345.0000 12 0 0.0000
379.0000 13 0 0.0000
405.0000 14 0 0.0000
431.0000 15 0 0.0000
464.0000 16 0 0.0000
498.0000 17 0 0.0000
523.0000 18 0 0.0000
557.0000 19 0 0.0000
582.0000 20 0 0.0000
609.0000 21 0 0.0000
640.0000 22 0 0.0000
669.0000 23 0 0.0000
698.0000 24 0 0.0000
730.0000 25 0 0.0000
757.0000 26 0 0.0000
785.0000 27 0 0.0000
818.0000 28 0 0.0000
852.0000 29 0 0.0000
881.0000 30 0 0.0000
897.0000 30 1 0.0333
913.0000 31 1 0.0323
915.5000 31 2 0.0645
945.0000 32 2 0.0625
976.0000 33 2 0.0606
1007.0000 34 2 0.0588
1035.0000 35 2 0.0571
1060.0000 36 2 0.0556
1092.0000 37 2 0.0541
1121.0000 38 2 0.0526
1154.0000 39 2 0.0513
1184.0000 40 2 0.0500
1216.0000 41 2 0.0488
1249.0000 42 2 0.0476
1281.0000 43 2 0.0465
1313.0000 44 2 0.0455
1345.0000 45 2 0.0444
1378.0000 46 2 0.0435
1411.0000 47 2 0.0426
1437.0000 48 2 0.0417
1465.0000 49 2 0.0408
1498.0000 50 2 0.0400
1528.0000 51 2 0.0392
1560.0000 52 2 0.0385
1562.5000 52 3 0.0577
1586.0000 53 3 0.0566
1617.0000 54 3 0.0556
1646.0000 55 3 0.0545
1677.0000 56 3 0.0536
1707.0000 57 3 0.0526
1739.0000 58 3 0.0517
1769.0000 59 3 0.0508
1801.0000 60 3 0.0500
1826.0000 61 3 0.0492
1852.0000 62 3 0.0484
1881.0000 63 3 0.0476
1907.0000 63 4 0.0635
1908.0000 64 4 0.0625
1937.0000 65 4 0.0615
1968.0000 66 4 0.0606
1997.0000 67 4 0.0597
2022.0000 68 4 0.0588
2054.0000 69 4 0.0580
2088.0000 70 4 0.0571
2117.0000 71 4 0.0563
2142.0000 72 4 0.0556
2173.0000 73 4 0.0548
2199.0000 74 4 0.0541
2229.0000 75 4 0.0533
2255.0000 75 5 0.0667
2262.0000 76 5 0.0658
2294.0000 77 5 0.0649
2319.0000 78 5 0.0641
2353.0000 79 5 0.0633
2357.0000 79 6 0.0759
2378.0000 80 6 0.0750
2411.0000 81 6 0.0741
2443.0000 82 6 0.0732
2470.0000 83 6 0.0723
2498.0000 84 6 0.0714
2530.0000 85 6 0.0706
2561.0000 86 6 0.0698
2589.0000 87 6 0.0690
2619.0000 88 6 0.0682
2631.5000 88 7 0.0795
2649.0000 89 7 0.0787
2674.0000 90 7 0.0778
2704.0000 91 7 0.0769
2734.0000 92 7 0.0761
2768.0000 93 7 0.0753
2794.0000 94 7 0.0745
2823.0000 95 7 0.0737
2832.0000 95 8 0.0842
2853.0000 96 8 0.0833
2880.0000 97 8 0.0825
2909.0000 98 8 0.0816
2941.0000 99 8 0.0808
2974.0000 100 8 0.0800
3003.0000 101 8 0.0792
3037.0000 102 8 0.0784
3064.0000 103 8 0.0777
3094.0000 104 8 0.0769
3121.0000 105 8 0.0762
3146.0000 106 8 0.0755
3175.0000 107 8 0.0748
3198.0000 107 9 0.0841
3207.0000 108 9 0.0833
3224.5000 108 10 0.0926
3237.0000 109 10 0.0917
3262.0000 110 10 0.0909
3295.0000 111 10 0.0901
3322.0000 112 10 0.0893
3352.0000 113 10 0.0885
3379.0000 114 10 0.0877
3408.0000 115 10 0.0870
3435.0000 116 10 0.0862
3461.0000 117 10 0.0855
3487.0000 118 10 0.0847
3516.0000 119 10 0.0840
3543.0000 120 10 0.0833
3570.0000 121 10 0.0826
3601.0000 122 10 0.0820
3627.0000 123 10 0.0813
3661.0000 124 10 0.0806
3691.0000 125 10 0.0800
3724.0000 126 10 0.0794
3754.0000 127 10 0.0787
3786.0000 128 10 0.0781
3811.0000 129 10 0.0775
3842.0000 130 10 0.0769
3873.0000 131 10 0.0763
3904.0000 132 10 0.0758
3934.0000 133 10 0.0752
3968.0000 134 10 0.0746
3999.0000 135 10 0.0741
4028.0000 136 10 0.0735
4055.0000 137 10 0.0730
4080.0000 138 10 0.0725
4112.0000 139 10 0.0719
4143.0000 140 10 0.0714
4174.0000 141 10 0.0709
4205.0000 142 10 0.0704
4230.0000 143 10 0.0699
4255.0000 144 10 0.0694
4283.0000 145 10 0.0690
4314.0000 146 10 0.0685
4342.0000 147 10 0.0680
4368.0000 148 10 0.0676
4402.0000 149 10 0.0671
4432.0000 150 10 0.0667
4462.0000 151 10 0.0662
4488.0000 152 10 0.0658
4488.5000 152 11 0.0724
4515.0000 153 11 0.0719
4546.0000 154 11 0.0714
4572.0000 155 11 0.0710
4606.0000 156 11 0.0705
4638.0000 157 11 0.0701
4672.0000 158 11 0.0696
4701.0000 159 11 0.0692
4708.0000 159 12 0.0755
4729.0000 160 12 0.0750
4758.0000 161 12 0.0745
4758.5000 161 13 0.0807
4785.5000 161 14 0.0870
4792.0000 162 14 0.0864
4805.0000 162 15 0.0926
4822.0000 163 15 0.0920
4823.0000 163 16 0.0982
4847.0000 164 16 0.0976
4875.0000 165 16 0.0970
4902.0000 166 16 0.0964
4935.0000 167 16 0.0958
4965.0000 168 16 0.0952
4996.0000 169 16 0.0947
5028.0000 170 16 0.0941
5058.0000 171 16 0.0936
5081.5000 171 17 0.0994
5089.0000 172 17 0.0988
5091.5000 172 18 0.1047
5119.0000 173 18 0.1040
5150.0000 174 18 0.1034
5183.0000 175 18 0.1029
5213.0000 176 18 0.1023
5243.0000 177 18 0.1017
5276.0000 178 18 0.1011
5305.0000 179 18 0.1006
5339.0000 180 18 0.1000
5366.0000 181 18 0.0994
5391.0000 182 18 0.0989
5419.0000 183 18 0.0984
5444.0000 184 18 0.0978
5474.0000 185 18 0.0973
5500.5000 185 19 0.1027
5504.0000 186 19 0.1022
5530.5000 186 20 0.1075
5531.0000 187 20 0.1070
5562.0000 188 20 0.1064
5592.0000 189 20 0.1058
5624.0000 190 20 0.1053
5658.0000 191 20 0.1047
5688.0000 192 20 0.1042
5716.0000 193 20 0.1036
5744.5000 193 21 0.1088
5747.0000 194 21 0.1082
5773.0000 195 21 0.1077
5807.0000 196 21 0.1071
5837.0000 197 21 0.1066
5868.0000 198 21 0.1061
5868.5000 198 22 0.1111
5899.0000 198 23 0.1162
5900.0000 199 23 0.1156
5902.5000 199 24 0.1206
5931.0000 200 24 0.1200
5958.0000 201 24 0.1194
5984.0000 202 24 0.1188
6017.0000 203 24 0.1182
6047.0000 204 24 0.1176
6074.0000 205 24 0.1171
6101.0000 206 24 0.1165
6119.5000 206 25 0.1214
6130.0000 207 25 0.1208
6156.0000 208 25 0.1202
6181.0000 209 25 0.1196
6213.0000 210 25 0.1190
6243.0000 211 25 0.1185
6275.0000 212 25 0.1179
6305.0000 213 25 0.1174
6335.0000 214 25 0.1168
6365.0000 215 25 0.1163
6390.0000 216 25 0.1157
6417.0000 217 25 0.1152
6418.5000 217 26 0.1198
6450.0000 218 26 0.1193
6483.0000 219 26 0.1187
6501.5000 219 27 0.1233
6509.0000 220 27 0.1227
6540.0000 221 27 0.1222
6570.0000 222 27 0.1216
6578.5000 222 28 0.1261
6601.0000 223 28 0.1256
6634.0000 224 28 0.1250
6649.0000 224 29 0.1295
6666.0000 225 29 0.1289
6691.0000 226 29 0.1283
6716.0000 227 29 0.1278
6748.0000 228 29 0.1272
6773.0000 229 29 0.1266
6795.5000 229 30 0.1310
6806.0000 230 30 0.1304
6838.0000 231 30 0.1299
6848.5000 231 31 0.1342
6870.0000 232 31 0.1336
6897.0000 233 31 0.1330
6923.0000 234 31 0.1325
6952.0000 235 31 0.1319
6955.5000 235 32 0.1362
6986.0000 236 32 0.1356
7013.0000 237 32 0.1350
7043.0000 238 32 0.1345
7077.0000 239 32 0.1339
7111.0000 240 32 0.1333
7138.0000 241 32 0.1328
7169.0000 242 32 0.1322
7169.5000 242 33 0.1364
7194.0000 243 33 0.1358
7228.0000 244 33 0.1352
7262.0000 245 33 0.1347
7296.0000 246 33 0.1341
7308.5000 246 34 0.1382
7324.0000 247 34 0.1377
7354.0000 248 34 0.1371
7370.5000 248 35 0.1411
7380.0000 249 35 0.1406
7409.0000 250 35 0.1400
7437.0000 251 35 0.1394
7446.0000 251 36 0.1434
7464.0000 252 36 0.1429
7479.0000 252 37 0.1468
7494.0000 253 37 0.1462
7525.0000 254 37 0.1457
7559.0000 255 37 0.1451
7560.5000 255 38 0.1490
7590.0000 256 38 0.1484
7619.0000 257 38 0.1479
7647.0000 258 38 0.1473
7669.5000 258 39 0.1512
7678.0000 259 39 0.1506
7703.0000 260 39 0.1500
7729.0000 261 39 0.1494
7762.0000 262 39 0.1489
7789.0000 263 39 0.1483
7814.0000 264 39 0.1477
7844.0000 265 39 0.1472
7873.0000 266 39 0.1466
7907.0000 267 39 0.1461
7932.5000 267 40 0.1498
7935.0000 268 40 0.1493
7937.0000 268 41 0.1530
7963.0000 268 42 0.1567
7964.0000 269 42 0.1561
7994.0000 270 42 0.1556
8027.0000 271 42 0.1550
8027.5000 271 43 0.1587
8057.0000 272 43 0.1581
8085.0000 273 43 0.1575
8113.0000 274 43 0.1569
8146.0000 275 43 0.1564
8172.0000 276 43 0.1558
8201.0000 277 43 0.1552
8231.0000 278 43 0.1547
8261.0000 279 43 0.1541
8295.0000 280 43 0.1536
8320.0000 281 43 0.1530
8350.0000 282 43 0.1525
8380.0000 283 43 0.1519
8408.0000 284 43 0.1514
8433.0000 285 43 0.1509
8460.0000 286 43 0.1503
8488.0000 287 43 0.1498
8490.0000 287 44 0.1533
8517.0000 288 44 0.1528
8549.0000 289 44 0.1522
8581.0000 290 44 0.1517
8614.0000 291 44 0.1512
8641.0000 292 44 0.1507
8641.5000 292 45 0.1541
8666.0000 293 45 0.1536
8696.0000 294 45 0.1531
8729.0000 295 45 0.1525
8755.0000 296 45 0.1520
8782.0000 297 45 0.1515
8807.0000 298 45 0.1510
8835.0000 299 45 0.1505
8863.0000 300 45 0.1500
8894.0000 301 45 0.1495
8924.0000 302 45 0.1490
8954.0000 303 45 0.1485
8980.0000 304 45 0.1480
9006.0000 305 45 0.1475
9011.0000 305 46 0.1508
9031.0000 306 46 0.1503
9060.0000 306 47 0.1536
9062.0000 307 47 0.1531
9095.0000 308 47 0.1526
9120.0000 308 48 0.1558
9126.0000 309 48 0.1553
9139.5000 309 49 0.1586
9144.5000 309 50 0.1618
9152.0000 310 50 0.1613
9165.5000 310 51 0.1645
9181.0000 311 51 0.1640
9211.0000 312 51 0.1635
9242.0000 313 51 0.1629
9267.0000 314 51 0.1624
9298.0000 315 51 0.1619
9311.0000 315 52 0.1651
9329.0000 316 52 0.1646
9362.0000 317 52 0.1640
9387.0000 318 52 0.1635
9412.0000 319 52 0.1630
9439.0000 320 52 0.1625
9473.0000 321 52 0.1620
9501.0000 322 52 0.1615
9501.5000 322 53 0.1646
9527.0000 323 53 0.1641
9554.0000 324 53 0.1636
9580.0000 325 53 0.1631
9607.0000 326 53 0.1626
9630.5000 326 54 0.1656
9638.0000 326 55 0.1687
9641.0000 327 55 0.1682
9668.0000 328 55 0.1677
9702.0000 329 55 0.1672
9733.0000 330 55 0.1667
9759.0000 331 55 0.1662
9778.5000 331 56 0.1692
9785.0000 332 56 0.1687
9813.0000 333 56 0.1682
9813.5000 333 57 0.1712
9831.0000 333 58 0.1742
9842.0000 334 58 0.1737
9869.0000 335 58 0.1731
9898.0000 336 58 0.1726
9925.0000 337 58 0.1721
9958.0000 338 58 0.1716
9983.0000 339 58 0.1711
10012.0000 340 58 0.1706
10041.0000 341 58 0.1701
10067.0000 341 59 0.1730
10075.0000 342 59 0.1725
10075.5000 342 60 0.1754
10102.0000 343 60 0.1749
10132.0000 344 60 0.1744
10157.0000 345 60 0.1739
10188.0000 346 60 0.1734
10217.0000 347 60 0.1729
10243.0000 348 60 0.1724
10276.0000 349 60 0.1719
10301.0000 350 60 0.1714
10331.0000 351 60 0.1709
10331.5000 351 61 0.1738
10356.0000 352 61 0.1733
10386.0000 353 61 0.1728
10417.0000 354 61 0.1723
10448.0000 355 61 0.1718
10478.0000 356 61 0.1713
10512.0000 357 61 0.1709
10537.0000 358 61 0.1704
10537.5000 358 62 0.1732
10566.0000 359 62 0.1727
10572.5000 359 63 0.1755
10595.0000 360 63 0.1750
10628.0000 361 63 0.1745
10645.5000 361 64 0.1773
10660.0000 362 64 0.1768
10685.0000 363 64 0.1763
10717.0000 364 64 0.1758
10726.5000 364 65 0.1786
10744.0000 365 65 0.1781
10770.0000 366 65 0.1776
10779.0000 366 66 0.1803
10797.0000 367 66 0.1798
10824.0000 368 66 0.1793
10858.0000 369 66 0.1789
10887.0000 370 66 0.1784
10891.5000 370 67 0.1811
10912.0000 371 67 0.1806
10939.0000 372 67 0.1801
10973.0000 373 67 0.1796
11006.0000 374 67 0.1791
11032.0000 375 67 0.1787
11065.0000 376 67 0.1782
11095.0000 377 67 0.1777
11121.0000 378 67 0.1772
11148.0000 379 67 0.1768
11182.0000 380 67 0.1763
11216.0000 381 67 0.1759
11247.0000 382 67 0.1754
11275.0000 383 67 0.1749
11277.0000 383 68 0.1775
11301.0000 384 68 0.1771
11333.0000 385 68 0.1766
11366.0000 386 68 0.1762
11391.0000 387 68 0.1757
11422.0000 388 68 0.1753
11450.0000 389 68 0.1748
11479.0000 390 68 0.1744
11513.0000 391 68 0.1739
11514.0000 391 69 0.1765
11540.0000 392 69 0.1760
11561.0000 392 70 0.1786
11573.0000 393 70 0.1781
11600.0000 394 70 0.1777
11627.0000 395 70 0.1772
11652.0000 396 70 0.1768
11679.0000 397 70 0.1763
11711.0000 398 70 0.1759
11741.0000 399 70 0.1754
11769.0000 400 70 0.1750
11797.0000 401 70 0.1746
11812.0000 401 71 0.1771
11825.0000 402 71 0.1766
11851.0000 403 71 0.1762
11882.0000 404 71 0.1757
11911.0000 405 71 0.1753
11935.5000 405 72 0.1778
11938.0000 406 72 0.1773
11965.0000 407 72 0.1769
11993.0000 407 73 0.1794
11999.0000 408 73 0.1789
12024.0000 409 73 0.1785
12024.5000 409 74 0.1809
12049.0000 410 74 0.1805
12074.5000 410 75 0.1829
12081.0000 411 75 0.1825
12107.0000 412 75 0.1820
12127.0000 412 76 0.1845
12136.0000 413 76 0.1840
12169.0000 414 76 0.1836
12196.0000 415 76 0.1831
12223.0000 416 76 0.1827
12234.0000 416 77 0.1851
12236.5000 416 78 0.1875
12254.0000 417 78 0.1871
12285.0000 418 78 0.1866
12310.0000 419 78 0.1862
12332.0000 419 79 0.1885
12337.0000 420 79 0.1881
12354.0000 420 80 0.1905
12362.0000 421 80 0.1900
12394.0000 422 80 0.1896
12428.0000 423 80 0.1891
12462.0000 424 80 0.1887
12483.0000 424 81 0.1910
12494.0000 425 81 0.1906
12524.0000 426 81 0.1901
12553.0000 427 81 0.1897
12586.0000 428 81 0.1893
12605.5000 428 82 0.1916
12612.0000 429 82 0.1911
12643.0000 430 82 0.1907
12664.0000 430 83 0.1930
12671.0000 431 83 0.1926
12702.5000 431 84 0.1949
12704.0000 432 84 0.1944
12725.0000 432 85 0.1968
12730.0000 433 85 0.1963
12755.0000 434 85 0.1959
12789.0000 435 85 0.1954
12817.0000 436 85 0.1950
12842.0000 437 85 0.1945
12871.0000 438 85 0.1941
12871.5000 438 86 0.1963
12903.0000 439 86 0.1959
12914.0000 439 87 0.1982
12928.5000 439 88 0.2005
12933.0000 440 88 0.2000
12943.5000 440 89 0.2023
12966.0000 441 89 0.2018
12992.0000 442 89 0.2014
13021.0000 443 89 0.2009
13034.0000 443 90 0.2032
13050.0000 444 90 0.2027
13078.0000 445 90 0.2022
13104.0000 446 90 0.2018
13136.0000 447 90 0.2013
13170.0000 448 90 0.2009
13204.0000 449 90 0.2004
13231.0000 450 90 0.2000
13257.0000 451 90 0.1996
13290.0000 452 90 0.1991
13316.0000 453 90 0.1987
13341.0000 454 90 0.1982
13366.0000 455 90 0.1978
13368.5000 455 91 0.2000
13399.0000 456 91 0.1996
13428.0000 457 91 0.1991
13456.0000 458 91 0.1987
13481.0000 459 91 0.1983
13508.0000 460 91 0.1978
13536.0000 461 91 0.1974
13540.5000 461 92 0.1996
13564.0000 462 92 0.1991
13576.0000 462 93 0.2013
13597.0000 463 93 0.2009
13630.0000 464 93 0.2004
13651.5000 464 94 0.2026
13664.0000 465 94 0.2022
13698.0000 466 94 0.2017
13725.0000 467 94 0.2013
13757.0000 468 94 0.2009
13757.5000 468 95 0.2030
13785.0000 469 95 0.2026
13818.0000 470 95 0.2021
13845.0000 471 95 0.2017
13849.5000 471 96 0.2038
13872.0000 472 96 0.2034
13888.0000 472 97 0.2055
13902.0000 473 97 0.2051
13928.0000 474 97 0.2046
13958.0000 475 97 0.2042
13958.5000 475 98 0.2063
13989.0000 476 98 0.2059
14020.0000 477 98 0.2055
14022.0000 477 99 0.2075
14047.0000 478 99 0.2071
14073.0000 479 99 0.2067
14103.0000 480 99 0.2063
14128.0000 481 99 0.2058
14161.0000 482 99 0.2054
14167.5000 482 100 0.2075
14186.0000 483 100 0.2070
14214.0000 484 100 0.2066
14240.0000 485 100 0.2062
14270.0000 486 100 0.2058
14302.0000 487 100 0.2053
14331.0000 488 100 0.2049
14360.0000 489 100 0.2045
14360.5000 489 101 0.2065
14388.0000 490 101 0.2061
14414.0000 491 101 0.2057
14445.0000 492 101 0.2053
14476.0000 493 101 0.2049
14500.5000 493 102 0.2069
14505.0000 494 102 0.2065
14538.0000 495 102 0.2061
14566.0000 496 102 0.2056
14595.0000 497 102 0.2052
14627.0000 498 102 0.2048
14655.0000 499 102 0.2044
14689.0000 500 102 0.2040
14714.0000 501 102 0.2036
14744.0000 502 102 0.2032
14778.0000 503 102 0.2028
14812.0000 504 102 0.2024
14839.0000 505 102 0.2020
14844.5000 505 103 0.2040
14873.0000 506 103 0.2036
14906.0000 507 103 0.2032
14919.0000 507 104 0.2051
14930.0000 507 105 0.2071
14933.0000 508 105 0.2067
14962.0000 509 105 0.2063
14995.0000 510 105 0.2059
15024.0000 511 105 0.2055
15046.0000 511 106 0.2074
15050.0000 512 106 0.2070
15077.0000 513 106 0.2066
15103.0000 514 106 0.2062
15134.0000 515 106 0.2058
15160.0000 516 106 0.2054
15188.0000 517 106 0.2050
15219.0000 518 106 0.2046
15247.0000 519 106 0.2042
15281.0000 520 106 0.2038
15291.5000 520 107 0.2058
15313.0000 521 107 0.2054
15338.0000 522 107 0.2050
15367.0000 523 107 0.2046
15371.5000 523 108 0.2065
15387.0000 523 109 0.2084
15398.0000 524 109 0.2080
15424.0000 525 109 0.2076
15441.0000 525 110 0.2095
15453.5000 525 111 0.2114
15456.0000 526 111 0.2110
15486.0000 527 111 0.2106
15513.0000 528 111 0.2102
15539.0000 529 111 0.2098
15573.0000 530 111 0.2094
15599.0000 531 111 0.2090
15631.0000 532 111 0.2086
15656.0000 533 111 0.2083
15684.0000 534 111 0.2079
15717.0000 535 111 0.2075
15751.0000 536 111 0.2071
15776.0000 537 111 0.2067
15805.0000 538 111 0.2063
15831.5000 538 112 0.2082
15838.0000 539 112 0.2078
15863.0000 540 112 0.2074
15864.5000 540 113 0.2093
15892.0000 541 113 0.2089
15923.0000 542 113 0.2085
15948.0000 543 113 0.2081
15964.0000 543 114 0.2099
15977.0000 544 114 0.2096
16003.0000 545 114 0.2092
16009.5000 545 115 0.2110
16029.0000 546 115 0.2106
16062.0000 547 115 0.2102
16096.0000 548 115 0.2099
16125.0000 549 115 0.2095
16157.0000 550 115 0.2091
16159.0000 550 116 0.2109
16188.0000 551 116 0.2105
16219.0000 552 116 0.2101
16252.0000 553 116 0.2098
16278.0000 554 116 0.2094
16303.0000 555 116 0.2090
16332.0000 556 116 0.2086
16342.5000 556 117 0.2104
16361.0000 557 117 0.2101
16391.0000 558 117 0.2097
16420.0000 559 117 0.2093
16449.0000 560 117 0.2089
16475.0000 561 117 0.2086
16497.5000 561 118 0.2103
16508.0000 562 118 0.2100
16542.0000 563 118 0.2096
16571.0000 564 118 0.2092
16598.0000 565 118 0.2088
16626.0000 566 118 0.2085
16653.0000 567 118 0.2081
16685.0000 568 118 0.2077
16689.0000 568 119 0.2095
16694.0000 568 120 0.2113
16719.0000 569 120 0.2109
16722.0000 569 121 0.2127
16748.0000 570 121 0.2123
16775.0000 571 121 0.2119
16801.0000 572 121 0.2115
16827.0000 573 121 0.2112
16853.0000 574 121 0.2108
16884.0000 575 121 0.2104
16910.0000 576 121 0.2101
16925.5000 576 122 0.2118
16937.0000 577 122 0.2114
16965.0000 578 122 0.2111
16991.0000 579 122 0.2107
17025.0000 580 122 0.2103
17053.0000 581 122 0.2100
17086.0000 582 122 0.2096
17112.0000 583 122 0.2093
17139.0000 584 122 0.2089
17172.0000 585 122 0.2085
17201.0000 586 122 0.2082
17232.0000 587 122 0.2078
17264.0000 588 122 0.2075
17274.5000 588 123 0.2092
17289.0000 589 123 0.2088
17323.0000 590 123 0.2085
17355.0000 591 123 0.2081
17362.0000 591 124 0.2098
17385.0000 592 124 0.2095
17415.0000 593 124 0.2091
17421.0000 593 125 0.2108
17440.0000 594 125 0.2104
17468.0000 595 125 0.2101
17501.0000 596 125 0.2097
17531.0000 597 125 0.2094
17558.0000 598 125 0.2090
17589.0000 599 125 0.2087
17614.0000 600 125 0.2083
17639.0000 601 125 0.2080
17672.0000 602 125 0.2076
17697.0000 603 125 0.2073
17722.0000 604 125 0.2070
17747.0000 605 125 0.2066
17776.0000 606 125 0.2063
17802.0000 607 125 0.2059
17834.0000 608 125 0.2056
17868.0000 609 125 0.2053
17901.0000 610 125 0.2049
17934.0000 611 125 0.2046
17959.0000 612 125 0.2042
17985.0000 613 125 0.2039
18010.0000 614 125 0.2036
18039.5000 614 126 0.2052
18041.0000 615 126 0.2049
18074.0000 616 126 0.2045
18103.0000 617 126 0.2042
18131.0000 618 126 0.2039
18162.5000 618 127 0.2055
18165.0000 619 127 0.2052
18184.0000 619 128 0.2068
18195.0000 620 128 0.2065
18221.0000 621 128 0.2061
18252.0000 622 128 0.2058
18264.0000 622 129 0.2074
18283.0000 623 129 0.2071
18293.0000 623 130 0.2087
18317.0000 624 130 0.2083
18344.0000 625 130 0.2080
18375.0000 626 130 0.2077
18405.0000 627 130 0.2073
18434.0000 628 130 0.2070
18467.0000 629 130 0.2067
18492.0000 630 130 0.2063
18526.0000 631 130 0.2060
18547.0000 631 131 0.2076
18554.0000 632 131 0.2073
18576.5000 632 132 0.2089
18579.0000 633 132 0.2085
18609.0000 634 132 0.2082
18635.0000 635 132 0.2079
18668.0000 636 132 0.2075
18700.0000 637 132 0.2072
18729.0000 638 132 0.2069
18760.0000 639 132 0.2066
18761.0000 639 133 0.2081
18792.0000 640 133 0.2078
18824.0000 641 133 0.2075
18848.0000 641 134 0.2090
18858.0000 642 134 0.2087
18884.0000 643 134 0.2084
18886.0000 643 135 0.2100
18899.5000 643 136 0.2115
18910.0000 644 136 0.2112
18939.0000 645 136 0.2109
18971.0000 646 136 0.2105
18996.0000 647 136 0.2102
19030.0000 648 136 0.2099
19064.0000 649 136 0.2096
19094.0000 650 136 0.2092
19121.0000 651 136 0.2089
19121.0000 651 137 0.2104
19151.0000 652 137 0.2101
19182.0000 653 137 0.2098
19216.0000 654 137 0.2095
19247.0000 655 137 0.2092
19267.5000 655 138 0.2107
19274.0000 656 138 0.2104
19302.0000 657 138 0.2100
19329.0000 658 138 0.2097
19357.0000 659 138 0.2094
19384.0000 660 138 0.2091
19409.0000 661 138 0.2088
19442.0000 662 138 0.2085
19472.0000 663 138 0.2081
19499.5000 663 139 0.2097
19501.0000 664 139 0.2093
19522.5000 664 140 0.2108
19532.0000 665 140 0.2105
19563.0000 666 140 0.2102
19572.0000 666 141 0.2117
19595.0000 667 141 0.2114
19628.0000 668 141 0.2111
19633.5000 668 142 0.2126
19639.5000 668 143 0.2141
19660.0000 669 143 0.2138
19688.0000 670 143 0.2134
19721.0000 671 143 0.2131
19755.0000 672 143 0.2128
19780.0000 673 143 0.2125
19814.0000 674 143 0.2122
19842.0000 675 143 0.2119
19876.0000 676 143 0.2115
19910.0000 677 143 0.2112
19937.0000 678 143 0.2109
19970.0000 679 143 0.2106
19980.5000 679 144 0.2121
19998.0000 680 144 0.2118
20023.0000 681 144 0.2115
20052.5000 681 145 0.2129
20055.0000 682 145 0.2126
20082.0000 683 145 0.2123
20116.0000 684 145 0.2120
20148.0000 685 145 0.2117
20174.0000 686 145 0.2114
20174.5000 686 146 0.2128
20182.0000 686 147 0.2143
20188.0000 686 148 0.2157
20205.0000 687 148 0.2154
20236.0000 688 148 0.2151
20261.0000 689 148 0.2148
20291.0000 690 148 0.2145
20320.0000 691 148 0.2142
20345.0000 692 148 0.2139
20376.0000 693 148 0.2136
20378.5000 693 149 0.2150
20407.0000 694 149 0.2147
20437.0000 695 149 0.2144
20462.0000 696 149 0.2141
20463.5000 696 150 0.2155
20496.0000 697 150 0.2152
20526.0000 698 150 0.2149
20553.0000 699 150 0.2146
20584.0000 700 150 0.2143
20610.0000 701 150 0.2140
20641.0000 702 150 0.2137
20674.0000 703 150 0.2134
20706.0000 704 150 0.2131
20711.0000 704 151 0.2145
20725.5000 704 152 0.2159
20737.0000 705 152 0.2156
20767.0000 706 152 0.2153
20798.0000 707 152 0.2150
20805.0000 707 153 0.2164
20830.0000 708 153 0.2161
20855.0000 709 153 0.2158
20889.0000 710 153 0.2155
20915.5000 710 154 0.2169
20917.0000 711 154 0.2166
20944.0000 712 154 0.2163
20975.0000 713 154 0.2160
21009.0000 714 154 0.2157
21029.0000 714 155 0.2171
21040.0000 715 155 0.2168
21065.0000 716 155 0.2165
21090.0000 717 155 0.2162
21116.0000 718 155 0.2159
21150.0000 719 155 0.2156
21180.0000 720 155 0.2153
21209.0000 721 155 0.2150
21237.0000 722 155 0.2147
21268.0000 723 155 0.2144
21268.5000 723 156 0.2158
21298.0000 724 156 0.2155
21330.0000 725 156 0.2152
21359.0000 726 156 0.2149
21387.0000 727 156 0.2146
21394.0000 727 157 0.2160
21411.5000 727 158 0.2173
21412.0000 727 159 0.2187
21416.0000 728 159 0.2184
21435.0000 728 160 0.2198
21436.0000 728 161 0.2212
21446.0000 729 161 0.2209
21476.0000 730 161 0.2205
21508.0000 731 161 0.2202
21537.0000 732 161 0.2199
21563.0000 733 161 0.2196
21594.0000 734 161 0.2193
21619.0000 735 161 0.2190
21648.0000 736 161 0.2188
21680.0000 737 161 0.2185
21712.0000 738 161 0.2182
21739.0000 739 161 0.2179
21770.0000 740 161 0.2176
21797.0000 741 161 0.2173
21826.0000 742 161 0.2170
21854.0000 743 161 0.2167
21885.0000 744 161 0.2164
21919.0000 745 161 0.2161
21944.0000 746 161 0.2158
21948.5000 746 162 0.2172
21973.0000 747 162 0.2169
21999.0000 748 162 0.2166
22031.0000 749 162 0.2163
22051.0000 749 163 0.2176
22062.0000 750 163 0.2173
22095.0000 751 163 0.2170
22128.0000 752 163 0.2168
22153.0000 753 163 0.2165
22182.0000 754 163 0.2162
22215.0000 755 163 0.2159
22240.0000 756 163 0.2156
22273.0000 757 163 0.2153
22303.0000 757 164 0.2166
22306.0000 758 164 0.2164
22337.0000 759 164 0.2161
22369.0000 760 164 0.2158
22403.0000 761 164 0.2155
22435.0000 762 164 0.2152
22465.0000 763 164 0.2149
22499.0000 764 164 0.2147
22525.0000 765 164 0.2144
22558.0000 766 164 0.2141
22560.5000 766 165 0.2154
22591.0000 767 165 0.2151
22593.0000 767 166 0.2164
22617.0000 768 166 0.2161
22643.0000 769 166 0.2159
22675.0000 770 166 0.2156
22702.0000 771 166 0.2153
22733.0000 772 166 0.2150
22761.0000 773 166 0.2147
22788.0000 774 166 0.2145
22821.5000 774 167 0.2158
22822.0000 775 167 0.2155
22824.0000 775 168 0.2168
22847.0000 776 168 0.2165
22880.0000 777 168 0.2162
22909.0000 778 168 0.2159
22937.0000 779 168 0.2157
22965.0000 779 169 0.2169
22966.0000 779 170 0.2182
22969.0000 780 170 0.2179
23001.0000 781 170 0.2177
23031.0000 782 170 0.2174
23062.0000 783 170 0.2171
23094.0000 784 170 0.2168
23122.0000 785 170 0.2166
23156.0000 786 170 0.2163
23182.5000 786 171 0.2176
23188.0000 787 171 0.2173
23214.0000 788 171 0.2170
23246.0000 789 171 0.2167
23278.0000 790 171 0.2165
23307.0000 791 171 0.2162
23332.0000 792 171 0.2159
23366.0000 793 171 0.2156
23397.0000 794 171 0.2154
23431.0000 795 171 0.2151
23445.5000 795 172 0.2164
23464.0000 796 172 0.2161
23494.0000 797 172 0.2158
23523.0000 798 172 0.2155
23554.0000 799 172 0.2153
23583.0000 800 172 0.2150
23614.0000 801 172 0.2147
23648.0000 802 172 0.2145
23673.0000 803 172 0.2142
23699.0000 804 172 0.2139
23725.0000 805 172 0.2137
23758.0000 806 172 0.2134
23787.0000 807 172 0.2131
23820.0000 808 172 0.2129
23852.0000 809 172 0.2126
23885.0000 810 172 0.2123
23915.0000 811 172 0.2121
23944.0000 812 172 0.2118
23973.0000 813 172 0.2116
24001.0000 814 172 0.2113
24035.0000 815 172 0.2110
24060.0000 816 172 0.2108
24093.0000 817 172 0.2105
24126.0000 818 172 0.2103
24155.0000 819 172 0.2100
24163.0000 819 173 0.2112
24185.0000 820 173 0.2110
24219.0000 821 173 0.2107
24252.0000 822 173 0.2105
24281.0000 823 173 0.2102
24307.0000 824 173 0.2100
24325.5000 824 174 0.2112
24330.5000 824 175 0.2124
24332.0000 825 175 0.2121
24334.5000 825 176 0.2133
24366.0000 826 176 0.2131
24396.0000 827 176 0.2128
24430.0000 828 176 0.2126
24464.0000 829 176 0.2123
24495.0000 830 176 0.2120
24527.0000 831 176 0.2118
24560.0000 832 176 0.2115
24594.0000 833 176 0.2113
24621.0000 834 176 0.2110
24649.0000 835 176 0.2108
24681.0000 836 176 0.2105
24708.0000 837 176 0.2103
24733.0000 838 176 0.2100
24757.5000 838 177 0.2112
24759.0000 839 177 0.2110
24785.0000 840 177 0.2107
24804.5000 840 178 0.2119
24816.0000 841 178 0.2117
24833.5000 841 179 0.2128
24842.0000 842 179 0.2126
24867.0000 843 179 0.2123
24901.0000 844 179 0.2121
24934.0000 845 179 0.2118
24959.0000 846 179 0.2116
24993.0000 847 179 0.2113
25026.0000 848 179 0.2111
25058.0000 849 179 0.2108
25092.0000 850 179 0.2106
25117.0000 851 179 0.2103
25149.0000 852 179 0.2101
25149.5000 852 180 0.2113
25180.0000 853 180 0.2110
25207.0000 854 180 0.2108
25241.0000 855 180 0.2105
25266.0000 856 180 0.2103
25295.0000 857 180 0.2100
25327.0000 858 180 0.2098
25353.0000 859 180 0.2095
25357.5000 859 181 0.2107
25358.5000 859 182 0.2119
25364.5000 859 183 0.2130
25387.0000 860 183 0.2128
25416.0000 861 183 0.2125
25427.0000 861 184 0.2137
25441.0000 862 184 0.2135
25474.0000 863 184 0.2132
25503.0000 864 184 0.2130
25535.0000 865 184 0.2127
25563.0000 866 184 0.2125
25590.0000 867 184 0.2122
25616.0000 868 184 0.2120
25649.0000 869 184 0.2117
25679.0000 870 184 0.2115
25708.0000 871 184 0.2113
25713.5000 871 185 0.2124
25735.0000 872 185 0.2122
25765.0000 873 185 0.2119
25795.0000 874 185 0.2117
25818.5000 874 186 0.2128
25826.0000 875 186 0.2126
25852.0000 876 186 0.2123
25885.0000 877 186 0.2121
25914.0000 878 186 0.2118
25943.0000 879 186 0.2116
25970.0000 880 186 0.2114
26003.0000 881 186 0.2111
26029.0000 882 186 0.2109
26062.0000 883 186 0.2106
26096.0000 884 186 0.2104
26100.5000 884 187 0.2115
26125.0000 885 187 0.2113
26151.0000 886 187 0.2111
26183.0000 887 187 0.2108
26209.0000 888 187 0.2106
26243.0000 889 187 0.2103
26268.0000 890 187 0.2101
26293.0000 891 187 0.2099
26321.0000 892 187 0.2096
26354.0000 893 187 0.2094
26379.0000 894 187 0.2092
26389.5000 894 188 0.2103
26413.0000 895 188 0.2101
26439.0000 896 188 0.2098
26471.0000 897 188 0.2096
26505.0000 898 188 0.2094
26536.0000 899 188 0.2091
26570.0000 900 188 0.2089
26596.0000 901 188 0.2087
26629.0000 902 188 0.2084
26655.0000 903 188 0.2082
26684.0000 904 188 0.2080
26713.0000 905 188 0.2077
26738.0000 906 188 0.2075
26764.0000 907 188 0.2073
26790.0000 908 188 0.2070
26818.0000 908 189 0.2081
26819.5000 908 190 0.2093
26820.0000 909 190 0.2090
26854.0000 910 190 0.2088
26882.0000 911 190 0.2086
26912.0000 912 190 0.2083
26942.0000 913 190 0.2081
26974.0000 914 190 0.2079
27007.0000 915 190 0.2077
27033.0000 916 190 0.2074
27067.0000 917 190 0.2072
27097.0000 918 190 0.2070
27124.0000 919 190 0.2067
27152.0000 920 190 0.2065
27184.0000 921 190 0.2063
27212.0000 922 190 0.2061
27240.0000 923 190 0.2059
27267.0000 924 190 0.2056
27267.5000 924 191 0.2067
27294.0000 925 191 0.2065
27326.0000 926 191 0.2063
27356.0000 927 191 0.2060
27389.0000 928 191 0.2058
27416.0000 929 191 0.2056
27421.0000 929 192 0.2067
27427.0000 929 193 0.2078
27441.0000 930 193 0.2075
27471.0000 931 193 0.2073
27504.0000 932 193 0.2071
27537.0000 933 193 0.2069
27550.5000 933 194 0.2079
27566.0000 934 194 0.2077
27595.0000 935 194 0.2075
27626.0000 936 194 0.2073
27637.0000 936 195 0.2083
27655.0000 937 195 0.2081
27686.0000 938 195 0.2079
27690.5000 938 196 0.2090
27714.0000 939 196 0.2087
27731.0000 939 197 0.2098
27744.0000 940 197 0.2096
27767.0000 940 198 0.2106
27771.0000 941 198 0.2104
27779.0000 941 199 0.2115
27796.0000 942 199 0.2113
27830.0000 943 199 0.2110
27863.0000 944 199 0.2108
27888.0000 945 199 0.2106
27920.0000 946 199 0.2104
27952.0000 947 199 0.2101
27979.0000 948 199 0.2099
28004.0000 949 199 0.2097
28030.0000 950 199 0.2095
28062.0000 951 199 0.2093
28089.0000 952 199 0.2090
28119.0000 953 199 0.2088
28145.0000 954 199 0.2086
28171.0000 955 199 0.2084
28198.0000 956 199 0.2082
28228.0000 957 199 0.2079
28257.0000 958 199 0.2077
28291.0000 959 199 0.2075
28322.0000 960 199 0.2073
28348.0000 961 199 0.2071
28364.5000 961 200 0.2081
28379.0000 962 200 0.2079
28410.0000 963 200 0.2077
28422.5000 963 201 0.2087
28444.0000 964 201 0.2085
28458.5000 964 202 0.2095
28477.0000 965 202 0.2093
28511.0000 966 202 0.2091
28543.0000 967 202 0.2089
28577.0000 968 202 0.2087
28606.0000 969 202 0.2085
28633.0000 970 202 0.2082
28661.0000 971 202 0.2080
28695.0000 972 202 0.2078
28727.0000 973 202 0.2076
28755.0000 974 202 0.2074
28762.5000 974 203 0.2084
28788.0000 975 203 0.2082
28813.0000 976 203 0.2080
28841.0000 977 203 0.2078
28875.0000 978 203 0.2076
28906.0000 979 203 0.2074
28936.0000 980 203 0.2071
28967.0000 980 204 0.2082
28969.0000 981 204 0.2080
28996.0000 982 204 0.2077
29024.0000 983 204 0.2075
29058.0000 984 204 0.2073
29086.0000 985 204 0.2071
29116.0000 986 204 0.2069
29150.0000 987 204 0.2067
29178.0000 988 204 0.2065
29188.5000 988 205 0.2075
29211.0000 989 205 0.2073
29241.0000 990 205 0.2071
29244.0000 990 206 0.2081
29273.0000 991 206 0.2079
29302.0000 992 206 0.2077
29328.0000 993 206 0.2075
29362.0000 994 206 0.2072
29389.0000 995 206 0.2070
29416.0000 996 206 0.2068
29445.0000 997 206 0.2066
29477.0000 998 206 0.2064
29503.0000 999 206 0.2062
29533.0000 1000 206 0.2060
29560.0000 1001 206 0.2058
29591.0000 1002 206 0.2056
29620.0000 1003 206 0.2054
29650.0000 1004 206 0.2052
29680.0000 1005 206 0.2050
29705.0000 1006 206 0.2048
29732.0000 1007 206 0.2046
29765.0000 1008 206 0.2044
29773.5000 1008 207 0.2054
29795.0000 1009 207 0.2052
29826.0000 1010 207 0.2050
29856.0000 1011 207 0.2047
29881.0000 1012 207 0.2045
29914.0000 1013 207 0.2043
29944.0000 1014 207 0.2041
29975.0000 1015 207 0.2039
30007.0000 1016 207 0.2037
30033.0000 1017 207 0.2035
30067.0000 1018 207 0.2033
30098.0000 1018 208 0.2043
30101.0000 1019 208 0.2041
30126.5000 1019 209 0.2051
30134.0000 1020 209 0.2049
30167.0000 1021 209 0.2047
30192.0000 1022 209 0.2045
30226.0000 1023 209 0.2043
30260.0000 1024 209 0.2041
30288.0000 1025 209 0.2039
30318.0000 1026 209 0.2037
30352.0000 1027 209 0.2035
30385.0000 1028 209 0.2033
30412.0000 1029 209 0.2031
30446.0000 1030 209 0.2029
30475.0000 1031 209 0.2027
30503.0000 1032 209 0.2025
30504.0000 1032 210 0.2035
30536.0000 1033 210 0.2033
30569.0000 1034 210 0.2031
30570.0000 1034 211 0.2041
30594.0000 1035 211 0.2039
30608.0000 1035 212 0.2048
30623.0000 1036 212 0.2046
30635.0000 1036 213 0.2056
30648.0000 1037 213 0.2054
30680.0000 1038 213 0.2052
30707.0000 1039 213 0.2050
30723.0000 1039 214 0.2060
30735.0000 1040 214 0.2058
30769.0000 1041 214 0.2056
30773.0000 1041 215 0.2065
30802.0000 1042 215 0.2063
30831.0000 1043 215 0.2061
30831.5000 1043 216 0.2071
30857.0000 1044 216 0.2069
30890.0000 1045 216 0.2067
30892.0000 1045 217 0.2077
30921.0000 1046 217 0.2075
30950.0000 1047 217 0.2073
30960.5000 1047 218 0.2082
30982.0000 1048 218 0.2080
31013.0000 1049 218 0.2078
31043.0000 1050 218 0.2076
31076.0000 1051 218 0.2074
31105.0000 1052 218 0.2072
31139.0000 1053 218 0.2070
31172.0000 1054 218 0.2068
31198.0000 1055 218 0.2066
31228.0000 1056 218 0.2064
31255.0000 1057 218 0.2062
31289.0000 1058 218 0.2060
31319.0000 1059 218 0.2059
31339.0000 1059 219 0.2068
31353.0000 1060 219 0.2066
31379.0000 1061 219 0.2064
31408.0000 1062 219 0.2062
31436.0000 1063 219 0.2060
31464.0000 1064 219 0.2058
31464.5000 1064 220 0.2068
31489.0000 1065 220 0.2066
31519.0000 1066 220 0.2064
31552.0000 1067 220 0.2062
31564.0000 1067 221 0.2071
31576.0000 1067 222 0.2081
31577.0000 1068 222 0.2079
31577.5000 1068 223 0.2088
31602.0000 1069 223 0.2086
31631.0000 1070 223 0.2084
31663.0000 1071 223 0.2082
31697.0000 1072 223 0.2080
31728.0000 1073 223 0.2078
31755.0000 1074 223 0.2076
31785.0000 1075 223 0.2074
31814.0000 1076 223 0.2072
31839.0000 1077 223 0.2071
31872.0000 1078 223 0.2069
31906.0000 1079 223 0.2067
31934.0000 1080 223 0.2065
31961.0000 1081 223 0.2063
31991.0000 1082 223 0.2061
32018.0000 1083 223 0.2059
32045.0000 1084 223 0.2057
32049.5000 1084 224 0.2066
32078.0000 1085 224 0.2065
32105.0000 1086 224 0.2063
32111.5000 1086 225 0.2072
32126.0000 1086 226 0.2081
32136.0000 1087 226 0.2079
32169.0000 1088 226 0.2077
32197.0000 1089 226 0.2075
32228.0000 1090 226 0.2073
32253.5000 1090 227 0.2083
32258.0000 1091 227 0.2081
32259.5000 1091 228 0.2090
32286.0000 1092 228 0.2088
32320.0000 1093 228 0.2086
32346.0000 1094 228 0.2084
32376.0000 1095 228 0.2082
32376.5000 1095 229 0.2091
32403.0000 1096 229 0.2089
32433.0000 1097 229 0.2088
32459.0000 1098 229 0.2086
32492.5000 1098 230 0.2095
32493.0000 1099 230 0.2093
32526.0000 1100 230 0.2091
32557.0000 1101 230 0.2089
32587.0000 1102 230 0.2087
32616.0000 1103 230 0.2085
32624.5000 1103 231 0.2094
32643.0000 1104 231 0.2092
32672.0000 1105 231 0.2090
32703.0000 1106 231 0.2089
32734.0000 1107 231 0.2087
32763.0000 1108 231 0.2085
32797.0000 1109 231 0.2083
32809.0000 1109 232 0.2092
32812.0000 1109 233 0.2101
32826.0000 1110 233 0.2099
32838.5000 1110 234 0.2108
32855.0000 1111 234 0.2106
32888.0000 1112 234 0.2104
32913.0000 1113 234 0.2102
32941.0000 1114 234 0.2101
32970.0000 1115 234 0.2099
32995.0000 1116 234 0.2097
33025.0000 1117 234 0.2095
33025.5000 1117 235 0.2104
33057.0000 1118 235 0.2102
33086.0000 1119 235 0.2100
33113.0000 1120 235 0.2098
33139.0000 1121 235 0.2096
33165.0000 1122 235 0.2094
33196.0000 1123 235 0.2093
33229.0000 1124 235 0.2091
33261.0000 1125 235 0.2089
33288.0000 1126 235 0.2087
33318.0000 1127 235 0.2085
33336.0000 1127 236 0.2094
33349.0000 1128 236 0.2092
33375.0000 1129 236 0.2090
33400.0000 1130 236 0.2088
33408.0000 1130 237 0.2097
33424.5000 1130 238 0.2106
33426.0000 1131 238 0.2104
33459.0000 1132 238 0.2102
33493.0000 1133 238 0.2101
33522.0000 1134 238 0.2099
33556.0000 1135 238 0.2097
33583.0000 1136 238 0.2095
33608.0000 1137 238 0.2093
33635.0000 1138 238 0.2091
33662.0000 1139 238 0.2090
33690.0000 1140 238 0.2088
33723.0000 1141 238 0.2086
33755.0000 1142 238 0.2084
33783.0000 1143 238 0.2082
33813.0000 1144 238 0.2080
33838.0000 1145 238 0.2079
33865.0000 1146 238 0.2077
33893.0000 1147 238 0.2075
33921.0000 1148 238 0.2073
33953.0000 1149 238 0.2071
33983.0000 1150 238 0.2070
34008.0000 1151 238 0.2068
34010.0000 1151 239 0.2076
34013.0000 1151 240 0.2085
34037.0000 1152 240 0.2083
34063.0000 1153 240 0.2082
34096.0000 1154 240 0.2080
34128.0000 1155 240 0.2078
34160.0000 1156 240 0.2076
34193.0000 1157 240 0.2074
34226.0000 1158 240 0.2073
34253.0000 1159 240 0.2071
34279.0000 1160 240 0.2069
34309.0000 1161 240 0.2067
34343.0000 1162 240 0.2065
34371.0000 1163 240 0.2064
34403.0000 1164 240 0.2062
34422.5000 1164 241 0.2070
34434.0000 1165 241 0.2069
34459.0000 1166 241 0.2067
34476.5000 1166 242 0.2075
34488.0000 1167 242 0.2074
34521.0000 1168 242 0.2072
34552.0000 1169 242 0.2070
34578.0000 1170 242 0.2068
34610.0000 1171 242 0.2067
34640.0000 1172 242 0.2065
34669.0000 1173 242 0.2063
34694.0000 1174 242 0.2061
34722.0000 1175 242 0.2060
34747.5000 1175 243 0.2068
34756.0000 1176 243 0.2066
34782.0000 1177 243 0.2065
34807.0000 1178 243 0.2063
34840.0000 1179 243 0.2061
34855.5000 1179 244 0.2070
34869.0000 1180 244 0.2068
34895.0000 1181 244 0.2066
34916.0000 1181 245 0.2075
34920.0000 1182 245 0.2073
34952.0000 1183 245 0.2071
34976.5000 1183 246 0.2079
34977.0000 1183 247 0.2088
34985.0000 1184 247 0.2086
34987.0000 1184 248 0.2095
34998.5000 1184 249 0.2103
35012.0000 1185 249 0.2101
35012.5000 1185 250 0.2110
35035.0000 1185 251 0.2118
35042.0000 1186 251 0.2116
35044.5000 1186 252 0.2125
35074.0000 1187 252 0.2123
35105.0000 1188 252 0.2121
35139.0000 1189 252 0.2119
35173.0000 1190 252 0.2118
35203.0000 1191 252 0.2116
35234.0000 1192 252 0.2114
35262.0000 1193 252 0.2112
35289.0000 1194 252 0.2111
35308.5000 1194 253 0.2119
35323.0000 1195 253 0.2117
35351.0000 1196 253 0.2115
35380.0000 1197 253 0.2114
35414.0000 1198 253 0.2112
35441.0000 1199 253 0.2110
35475.0000 1200 253 0.2108
35503.0000 1201 253 0.2107
35533.0000 1202 253 0.2105
35564.0000 1203 253 0.2103
35590.0000 1204 253 0.2101
35615.0000 1205 253 0.2100
35624.5000 1205 254 0.2108
35640.0000 1206 254 0.2106
35672.0000 1207 254 0.2104
35701.0000 1208 254 0.2103
35726.0000 1209 254 0.2101
35755.0000 1210 254 0.2099
35783.0000 1211 254 0.2097
35813.0000 1212 254 0.2096
35817.5000 1212 255 0.2104
35842.0000 1213 255 0.2102
35872.0000 1214 255 0.2100
35906.0000 1215 255 0.2099
35935.0000 1216 255 0.2097
35962.0000 1217 255 0.2095
35963.5000 1217 256 0.2104
35989.0000 1217 257 0.2112
35996.0000 1218 257 0.2110
36027.0000 1219 257 0.2108
36059.0000 1220 257 0.2107
36088.0000 1221 257 0.2105
36114.0000 1222 257 0.2103
36139.0000 1223 257 0.2101
36172.0000 1224 257 0.2100
36201.0000 1225 257 0.2098
36227.0000 1226 257 0.2096
36261.0000 1227 257 0.2095
36287.0000 1228 257 0.2093
36318.0000 1229 257 0.2091
36352.0000 1230 257 0.2089
36367.5000 1230 258 0.2098
36378.5000 1230 259 0.2106
36380.0000 1231 259 0.2104
36382.0000 1231 260 0.2112
36411.0000 1232 260 0.2110
36419.0000 1232 261 0.2119
36442.0000 1233 261 0.2117
36472.0000 1234 261 0.2115
36498.0000 1235 261 0.2113
36525.0000 1236 261 0.2112
36530.5000 1236 262 0.2120
36539.5000 1236 263 0.2128
36559.0000 1237 263 0.2126
36589.0000 1238 263 0.2124
36617.0000 1239 263 0.2123
36629.0000 1239 264 0.2131
36647.0000 1240 264 0.2129
36677.0000 1241 264 0.2127
36710.0000 1242 264 0.2126
36740.0000 1243 264 0.2124
36765.0000 1244 264 0.2122
36790.0000 1245 264 0.2120
36820.0000 1246 264 0.2119
36848.0000 1247 264 0.2117
36876.0000 1248 264 0.2115
36876.5000 1248 265 0.2123
36886.5000 1248 266 0.2131
36910.0000 1249 266 0.2130
36931.0000 1249 267 0.2138
36939.0000 1250 267 0.2136
36951.0000 1250 268 0.2144
36968.0000 1251 268 0.2142
36997.0000 1252 268 0.2141
36998.0000 1252 269 0.2149
37023.0000 1253 269 0.2147
37054.0000 1253 270 0.2155
37055.0000 1254 270 0.2153
37084.0000 1255 270 0.2151
37114.0000 1256 270 0.2150
37145.0000 1257 270 0.2148
37179.0000 1258 270 0.2146
37192.5000 1258 271 0.2154
37208.0000 1259 271 0.2153
37236.5000 1259 272 0.2160
37239.0000 1260 272 0.2159
37270.0000 1261 272 0.2157
37303.0000 1262 272 0.2155
37303.5000 1262 273 0.2163
37333.0000 1263 273 0.2162
37362.0000 1264 273 0.2160
37392.0000 1265 273 0.2158
37426.0000 1266 273 0.2156
37456.0000 1267 273 0.2155
37489.0000 1268 273 0.2153
37519.0000 1269 273 0.2151
37546.0000 1270 273 0.2150
37571.0000 1271 273 0.2148
37598.0000 1272 273 0.2146
37624.0000 1273 273 0.2145
37650.0000 1274 273 0.2143
37684.0000 1275 273 0.2141
37713.0000 1276 273 0.2139
37747.0000 1277 273 0.2138
37779.0000 1278 273 0.2136
37811.0000 1279 273 0.2134
37838.0000 1280 273 0.2133
37869.0000 1281 273 0.2131
37895.0000 1282 273 0.2129
37901.5000 1282 274 0.2137
37922.0000 1283 274 0.2136
37947.0000 1284 274 0.2134
37973.0000 1285 274 0.2132
37999.0000 1286 274 0.2131
37999.0000 1286 275 0.2138
38032.0000 1287 275 0.2137
38058.5000 1287 276 0.2145
38062.0000 1288 276 0.2143
38095.0000 1289 276 0.2141
38098.5000 1289 277 0.2149
38103.5000 1289 278 0.2157
38123.0000 1290 278 0.2155
38149.0000 1291 278 0.2153
38181.0000 1292 278 0.2152
38196.0000 1292 279 0.2159
38212.0000 1293 279 0.2158
38243.0000 1294 279 0.2156
38272.0000 1295 279 0.2154
38273.5000 1295 280 0.2162
38304.0000 1296 280 0.2160
38333.0000 1297 280 0.2159
38363.0000 1297 281 0.2167
38366.0000 1298 281 0.2165
38391.0000 1299 281 0.2163
38421.0000 1300 281 0.2162
38450.0000 1301 281 0.2160
38483.0000 1302 281 0.2158
38511.0000 1303 281 0.2157
38536.0000 1304 281 0.2155
38564.0000 1305 281 0.2153
38591.0000 1306 281 0.2152
38593.5000 1306 282 0.2159
38624.0000 1307 282 0.2158
38651.0000 1308 282 0.2156
38682.0000 1309 282 0.2154
38710.0000 1310 282 0.2153
38738.0000 1311 282 0.2151
38764.0000 1312 282 0.2149
38795.0000 1313 282 0.2148
38823.0000 1314 282 0.2146
38851.0000 1315 282 0.2144
38877.0000 1316 282 0.2143
38882.0000 1316 283 0.2150
38904.0000 1317 283 0.2149
38938.0000 1318 283 0.2147
38964.0000 1319 283 0.2146
38998.0000 1320 283 0.2144
39032.0000 1321 283 0.2142
39057.0000 1322 283 0.2141
39084.0000 1323 283 0.2139
39085.0000 1323 284 0.2147
39112.0000 1324 284 0.2145
39145.0000 1325 284 0.2143
39171.0000 1326 284 0.2142
39203.0000 1327 284 0.2140
39228.0000 1327 285 0.2148
39230.0000 1328 285 0.2146
39257.0000 1329 285 0.2144
39283.0000 1330 285 0.2143
39308.0000 1331 285 0.2141
39336.0000 1332 285 0.2140
39369.0000 1333 285 0.2138
39396.0000 1334 285 0.2136
39396.5000 1334 286 0.2144
39422.0000 1335 286 0.2142
39443.5000 1335 287 0.2150
39448.0000 1336 287 0.2148
39482.0000 1337 287 0.2147
39509.0000 1338 287 0.2145
39535.0000 1339 287 0.2143
39565.0000 1340 287 0.2142
39598.0000 1341 287 0.2140
39624.0000 1342 287 0.2139
39656.0000 1343 287 0.2137
39660.0000 1343 288 0.2144
39685.0000 1344 288 0.2143
39714.0000 1345 288 0.2141
39741.0000 1346 288 0.2140
39758.5000 1346 289 0.2147
39775.0000 1347 289 0.2146
39807.0000 1348 289 0.2144
39821.5000 1348 290 0.2151
39838.0000 1349 290 0.2150
39863.0000 1350 290 0.2148
39875.0000 1350 291 0.2156
39897.0000 1351 291 0.2154
39923.0000 1352 291 0.2152
39949.0000 1353 291 0.2151
39982.0000 1354 291 0.2149
40006.5000 1354 292 0.2157
40010.0000 1355 292 0.2155
40012.0000 1355 293 0.2162
40044.0000 1356 293 0.2161
40071.0000 1357 293 0.2159
40101.0000 1357 294 0.2167
40103.0000 1358 294 0.2165
40137.0000 1359 294 0.2163
40171.0000 1360 294 0.2162
40198.0000 1361 294 0.2160
40224.0000 1362 294 0.2159
40253.0000 1363 294 0.2157
40270.5000 1363 295 0.2164
40287.0000 1364 295 0.2163
40298.5000 1364 296 0.2170
40320.0000 1365 296 0.2168
40340.0000 1365 297 0.2176
40348.0000 1365 298 0.2183
40350.0000 1366 298 0.2182
40377.0000 1367 298 0.2180
40409.0000 1368 298 0.2178
40440.0000 1369 298 0.2177
40471.0000 1370 298 0.2175
40503.0000 1371 298 0.2174
40526.0000 1371 299 0.2181
40535.0000 1372 299 0.2179
40567.0000 1373 299 0.2178
40592.0000 1374 299 0.2176
40626.0000 1375 299 0.2175
40655.0000 1376 299 0.2173
40685.0000 1377 299 0.2171
40710.0000 1378 299 0.2170
40738.0000 1379 299 0.2168
40771.0000 1380 299 0.2167
40796.0000 1381 299 0.2165
40823.0000 1382 299 0.2164
40849.0000 1383 299 0.2162
40883.0000 1384 299 0.2160
40915.0000 1385 299 0.2159
40948.0000 1386 299 0.2157
40974.0000 1387 299 0.2156
41000.0000 1388 299 0.2154
41026.0000 1389 299 0.2153
41032.0000 1389 300 0.2160
41051.0000 1390 300 0.2158
41056.5000 1390 301 0.2165
41080.0000 1391 301 0.2164
41112.0000 1392 301 0.2162
41143.0000 1393 301 0.2161
41175.0000 1394 301 0.2159
41205.0000 1395 301 0.2158
41236.0000 1396 301 0.2156
41262.0000 1397 301 0.2155
41290.0000 1398 301 0.2153
41293.0000 1398 302 0.2160
41324.0000 1399 302 0.2159
41353.0000 1400 302 0.2157
41379.0000 1401 302 0.2156
41409.0000 1402 302 0.2154
41443.0000 1403 302 0.2153
41469.0000 1404 302 0.2151
41500.0000 1405 302 0.2149
41526.0000 1406 302 0.2148
41551.0000 1406 303 0.2155
41552.0000 1407 303 0.2154
41580.0000 1408 303 0.2152
41606.0000 1409 303 0.2150
41637.0000 1410 303 0.2149
41664.0000 1411 303 0.2147
41691.0000 1412 303 0.2146
41713.0000 1412 304 0.2153
41718.0000 1413 304 0.2151
41752.0000 1414 304 0.2150
41752.5000 1414 305 0.2157
41777.0000 1415 305 0.2155
41809.5000 1415 306 0.2163
41810.0000 1416 306 0.2161
41837.0000 1417 306 0.2159
41852.0000 1417 307 0.2167
41865.0000 1418 307 0.2165
41898.0000 1419 307 0.2163
41923.0000 1420 307 0.2162
41953.0000 1421 307 0.2160
41983.0000 1422 307 0.2159
42009.0000 1423 307 0.2157
42037.0000 1424 307 0.2156
42067.0000 1425 307 0.2154
42094.0000 1426 307 0.2153
42123.0000 1427 307 0.2151
42154.0000 1428 307 0.2150
42180.0000 1429 307 0.2148
42208.0000 1430 307 0.2147
42238.0000 1431 307 0.2145
42263.0000 1432 307 0.2144
42288.0000 1433 307 0.2142
42310.0000 1433 308 0.2149
42314.0000 1434 308 0.2148
42342.0000 1435 308 0.2146
42367.0000 1436 308 0.2145
42376.5000 1436 309 0.2152
42394.0000 1437 309 0.2150
42420.5000 1437 310 0.2157
42427.0000 1438 310 0.2156
42460.0000 1439 310 0.2154
42489.0000 1440 310 0.2153
42517.0000 1441 310 0.2151
42518.5000 1441 311 0.2158
42547.0000 1442 311 0.2157
42579.0000 1443 311 0.2155
42610.0000 1444 311 0.2154
42642.0000 1445 311 0.2152
42661.0000 1445 312 0.2159
42675.0000 1446 312 0.2158
42700.0000 1447 312 0.2156
42727.0000 1448 312 0.2155
42757.0000 1449 312 0.2153
42783.0000 1450 312 0.2152
42817.0000 1451 312 0.2150
42843.0000 1452 312 0.2149
42870.0000 1452 313 0.2156
42875.0000 1453 313 0.2154
42891.5000 1453 314 0.2161
42900.0000 1454 314 0.2160
42925.0000 1455 314 0.2158
42958.0000 1456 314 0.2157
42970.0000 1456 315 0.2163
42986.0000 1457 315 0.2162
43001.5000 1457 316 0.2169
43012.0000 1458 316 0.2167
43041.0000 1459 316 0.2166
43051.0000 1459 317 0.2173
43068.0000 1460 317 0.2171
43096.0000 1461 317 0.2170
43126.0000 1462 317 0.2168
43154.0000 1463 317 0.2167
43180.0000 1464 317 0.2165
43181.5000 1464 318 0.2172
43207.0000 1465 318 0.2171
43214.0000 1465 319 0.2177
43239.0000 1466 319 0.2176
43266.0000 1467 319 0.2175
43299.0000 1468 319 0.2173
43332.0000 1469 319 0.2172
43350.0000 1469 320 0.2178
43364.0000 1470 320 0.2177
43389.0000 1471 320 0.2175
43407.0000 1471 321 0.2182
43417.0000 1472 321 0.2181
43443.0000 1473 321 0.2179
43472.0000 1474 321 0.2178
43472.0000 1474 322 0.2185
43502.0000 1475 322 0.2183
43521.5000 1475 323 0.2190
43535.0000 1476 323 0.2188
43566.0000 1477 323 0.2187
43566.5000 1477 324 0.2194
43596.0000 1478 324 0.2192
43630.0000 1479 324 0.2191
43656.0000 1480 324 0.2189
43669.0000 1480 325 0.2196
43682.0000 1481 325 0.2194
43707.0000 1482 325 0.2193
43741.0000 1483 325 0.2192
43768.0000 1484 325 0.2190
43798.0000 1485 325 0.2189
43831.0000 1486 325 0.2187
43864.0000 1487 325 0.2186
43893.0000 1488 325 0.2184
43921.0000 1489 325 0.2183
43954.0000 1490 325 0.2181
43988.0000 1491 325 0.2180
44015.0000 1492 325 0.2178
44046.0000 1493 325 0.2177
44077.0000 1494 325 0.2175
44102.0000 1495 325 0.2174
44105.5000 1495 326 0.2181
44128.0000 1496 326 0.2179
44143.0000 1496 327 0.2186
44155.0000 1497 327 0.2184
44183.0000 1498 327 0.2183
44209.0000 1499 327 0.2181
44241.0000 1500 327 0.2180
44274.0000 1501 327 0.2179
44308.0000 1502 327 0.2177
44334.0000 1503 327 0.2176
44359.0000 1504 327 0.2174
44390.0000 1505 327 0.2173
44424.0000 1506 327 0.2171
44439.0000 1506 328 0.2178
44450.0000 1507 328 0.2177
44462.0000 1507 329 0.2183
44478.0000 1508 329 0.2182
44511.0000 1509 329 0.2180
44539.0000 1510 329 0.2179
44566.0000 1511 329 0.2177
44573.5000 1511 330 0.2184
44596.0000 1512 330 0.2183
44596.5000 1512 331 0.2189
44625.0000 1513 331 0.2188
44657.0000 1514 331 0.2186
44686.0000 1515 331 0.2185
44689.0000 1515 332 0.2191
44690.0000 1515 333 0.2198
44713.0000 1516 333 0.2197
44740.0000 1517 333 0.2195
44772.0000 1518 333 0.2194
44797.0000 1519 333 0.2192
44826.0000 1520 333 0.2191
44844.5000 1520 334 0.2197
44845.0000 1520 335 0.2204
44852.0000 1521 335 0.2202
44865.0000 1521 336 0.2209
44884.0000 1522 336 0.2208
44896.0000 1522 337 0.2214
44910.0000 1523 337 0.2213
44933.0000 1523 338 0.2219
44936.0000 1524 338 0.2218
44970.0000 1525 338 0.2216
44996.0000 1526 338 0.2215
45028.0000 1527 338 0.2213
45053.0000 1528 338 0.2212
45081.0000 1529 338 0.2211
45113.0000 1530 338 0.2209
45139.0000 1531 338 0.2208
45139.5000 1531 339 0.2214
45170.0000 1532 339 0.2213
45182.0000 1532 340 0.2219
45202.5000 1532 341 0.2226
45203.0000 1533 341 0.2224
45214.5000 1533 342 0.2231
45231.0000 1534 342 0.2229
45264.0000 1535 342 0.2228
45293.0000 1536 342 0.2227
45327.0000 1537 342 0.2225
45335.0000 1537 343 0.2232
45358.0000 1538 343 0.2230
45377.5000 1538 344 0.2237
45384.0000 1539 344 0.2235
45414.0000 1540 344 0.2234
45421.5000 1540 345 0.2240
45444.0000 1541 345 0.2239
45469.0000 1542 345 0.2237
45470.0000 1542 346 0.2244
45502.0000 1543 346 0.2242
45536.0000 1544 346 0.2241
45567.0000 1545 346 0.2239
45584.0000 1545 347 0.2246
45594.0000 1546 347 0.2245
45622.0000 1547 347 0.2243
45653.5000 1547 348 0.2250
45654.0000 1548 348 0.2248
45688.0000 1549 348 0.2247
45713.0000 1550 348 0.2245
45716.5000 1550 349 0.2252
45747.0000 1551 349 0.2250
45777.0000 1552 349 0.2249
45808.0000 1553 349 0.2247
45834.0000 1554 349 0.2246
45853.5000 1554 350 0.2252
45863.0000 1555 350 0.2251
45892.0000 1556 350 0.2249
45919.5000 1556 351 0.2256
45920.0000 1556 352 0.2262
45926.0000 1557 352 0.2261
45956.0000 1558 352 0.2259
45967.0000 1558 353 0.2266
45983.0000 1559 353 0.2264
46016.0000 1560 353 0.2263
46047.0000 1561 353 0.2261
46075.0000 1562 353 0.2260
46107.0000 1563 353 0.2258
46110.0000 1563 354 0.2265
46134.0000 1564 354 0.2263
46165.0000 1565 354 0.2262
46198.0000 1566 354 0.2261
46229.0000 1567 354 0.2259
46251.0000 1567 355 0.2265
46258.0000 1568 355 0.2264
46288.0000 1569 355 0.2263
46314.0000 1570 355 0.2261
46315.0000 1570 356 0.2268
46345.0000 1571 356 0.2266
46376.0000 1572 356 0.2265
46379.5000 1572 357 0.2271
46399.0000 1572 358 0.2277
46409.0000 1573 358 0.2276
46443.0000 1574 358 0.2274
46474.0000 1575 358 0.2273
46503.0000 1576 358 0.2272
46535.0000 1577 358 0.2270
46567.0000 1578 358 0.2269
46599.0000 1579 358 0.2267
46624.0000 1580 358 0.2266
46652.0000 1581 358 0.2264
46685.0000 1582 358 0.2263
46707.0000 1582 359 0.2269
46712.0000 1583 359 0.2268
46742.0000 1584 359 0.2266
46772.0000 1585 359 0.2265
46800.0000 1586 359 0.2264
46832.0000 1587 359 0.2262
46863.0000 1588 359 0.2261
46888.0000 1589 359 0.2259
46915.0000 1590 359 0.2258
46945.0000 1591 359 0.2256
46972.0000 1592 359 0.2255
46997.0000 1593 359 0.2254
47030.0000 1594 359 0.2252
47059.0000 1595 359 0.2251
47092.0000 1596 359 0.2249
47116.0000 1596 360 0.2256
47119.0000 1597 360 0.2254
47145.0000 1598 360 0.2253
47174.0000 1599 360 0.2251
47199.0000 1600 360 0.2250
47233.0000 1601 360 0.2249
47260.0000 1602 360 0.2247
47262.0000 1602 361 0.2253
47291.0000 1603 361 0.2252
47325.0000 1604 361 0.2251
47353.5000 1604 362 0.2257
47356.0000 1605 362 0.2255
47388.0000 1606 362 0.2254
47389.5000 1606 363 0.2260
47418.0000 1607 363 0.2259
47451.0000 1608 363 0.2257
47484.0000 1609 363 0.2256
47516.0000 1610 363 0.2255
47542.0000 1611 363 0.2253
47570.0000 1612 363 0.2252
47596.0000 1613 363 0.2250
47612.0000 1613 364 0.2257
47627.0000 1614 364 0.2255
47659.0000 1615 364 0.2254
47691.0000 1616 364 0.2252
47721.0000 1617 364 0.2251
47750.0000 1618 364 0.2250
47780.0000 1619 364 0.2248
47811.0000 1620 364 0.2247
47837.0000 1621 364 0.2246
47870.0000 1622 364 0.2244
47898.0000 1623 364 0.2243
47923.0000 1624 364 0.2241
47956.0000 1625 364 0.2240
47984.0000 1626 364 0.2239
47990.5000 1626 365 0.2245
48011.0000 1627 365 0.2243
48024.5000 1627 366 0.2250
48045.0000 1628 366 0.2248
48070.0000 1629 366 0.2247
48099.0000 1630 366 0.2245
48131.0000 1631 366 0.2244
48148.0000 1631 367 0.2250
48158.0000 1632 367 0.2249
48184.0000 1633 367 0.2247
48217.0000 1634 367 0.2246
48249.0000 1635 367 0.2245
48272.5000 1635 368 0.2251
48283.0000 1636 368 0.2249
48312.0000 1637 368 0.2248
48342.0000 1638 368 0.2247
48375.0000 1639 368 0.2245
48406.0000 1640 368 0.2244
48437.0000 1641 368 0.2243
48465.0000 1642 368 0.2241
48481.5000 1642 369 0.2247
48490.0000 1643 369 0.2246
48520.0000 1644 369 0.2245
48550.0000 1645 369 0.2243
48575.0000 1646 369 0.2242
48602.0000 1647 369 0.2240
48627.0000 1648 369 0.2239
48656.0000 1649 369 0.2238
48682.0000 1650 369 0.2236
48709.0000 1651 369 0.2235
48737.0000 1652 369 0.2234
48765.0000 1653 369 0.2232
48797.0000 1654 369 0.2231
48813.5000 1654 370 0.2237
48830.0000 1655 370 0.2236
48856.0000 1656 370 0.2234
48885.0000 1657 370 0.2233
48913.0000 1657 371 0.2239
48918.0000 1658 371 0.2238
48945.0000 1659 371 0.2236
48970.0000 1660 371 0.2235
48995.0000 1661 371 0.2234
49028.0000 1662 371 0.2232
49039.5000 1662 372 0.2238
49054.0000 1663 372 0.2237
49082.0000 1664 372 0.2236
49086.0000 1664 373 0.2242
49114.0000 1665 373 0.2240
49144.0000 1666 373 0.2239
49169.0000 1667 373 0.2238
49196.0000 1668 373 0.2236
49226.0000 1669 373 0.2235
49260.0000 1670 373 0.2234
49265.0000 1670 374 0.2240
49285.0000 1671 374 0.2238
49285.5000 1671 375 0.2244
49315.0000 1672 375 0.2243
49340.0000 1673 375 0.2241
49370.0000 1674 375 0.2240
49400.0000 1675 375 0.2239
49430.0000 1676 375 0.2237
49458.0000 1677 375 0.2236
49461.0000 1677 376 0.2242
49492.0000 1678 376 0.2241
49525.0000 1679 376 0.2239
49551.0000 1680 376 0.2238
49579.0000 1681 376 0.2237
49611.0000 1682 376 0.2235
49640.0000 1683 376 0.2234
49666.0000 1684 376 0.2233
49677.0000 1684 377 0.2239
49698.0000 1685 377 0.2237
49723.0000 1686 377 0.2236
49748.0000 1687 377 0.2235
49774.0000 1688 377 0.2233
49806.0000 1689 377 0.2232
49837.0000 1690 377 0.2231
49865.0000 1691 377 0.2229
49866.5000 1691 378 0.2235
49890.0000 1692 378 0.2234
49911.5000 1692 379 0.2240
49915.0000 1693 379 0.2239
49941.0000 1694 379 0.2237
49972.0000 1695 379 0.2236
50006.0000 1696 379 0.2235
50031.0000 1697 379 0.2233
50064.0000 1698 379 0.2232
50071.5000 1698 380 0.2238
50091.0000 1699 380 0.2237
50092.0000 1699 381 0.2242
50118.0000 1700 381 0.2241
50149.0000 1701 381 0.2240
50167.0000 1701 382 0.2246
50181.0000 1702 382 0.2244
50205.0000 1702 383 0.2250
50211.0000 1703 383 0.2249
50238.0000 1704 383 0.2248
50267.0000 1705 383 0.2246
50300.0000 1706 383 0.2245
50326.0000 1707 383 0.2244
50351.0000 1708 383 0.2242
50378.5000 1708 384 0.2248
50381.0000 1709 384 0.2247
50399.5000 1709 385 0.2253
50413.0000 1710 385 0.2251
50443.0000 1711 385 0.2250
50473.0000 1712 385 0.2249
50483.0000 1712 386 0.2255
50483.5000 1712 387 0.2261
50493.5000 1712 388 0.2266
50503.0000 1713 388 0.2265
50533.0000 1714 388 0.2264
50562.0000 1715 388 0.2262
50562.5000 1715 389 0.2268
50590.0000 1716 389 0.2267
50616.0000 1717 389 0.2266
50641.0000 1718 389 0.2264
50641.5000 1718 390 0.2270
50675.0000 1719 390 0.2269
50688.0000 1719 391 0.2275
50708.0000 1720 391 0.2273
50734.0000 1721 391 0.2272
50759.0000 1722 391 0.2271
50784.0000 1723 391 0.2269
50811.0000 1724 391 0.2268
50839.5000 1724 392 0.2274
50843.0000 1725 392 0.2272
50877.0000 1726 392 0.2271
50877.5000 1726 393 0.2277
50892.5000 1726 394 0.2283
50909.0000 1727 394 0.2281
50940.0000 1728 394 0.2280
50966.0000 1729 394 0.2279
50993.0000 1730 394 0.2277
51019.0000 1731 394 0.2276
51049.0000 1732 394 0.2275
51079.0000 1733 394 0.2274
51105.0000 1734 394 0.2272
51111.5000 1734 395 0.2278
51131.0000 1735 395 0.2277
51160.0000 1736 395 0.2275
51186.0000 1737 395 0.2274
51214.0000 1738 395 0.2273
51248.0000 1739 395 0.2271
51269.5000 1739 396 0.2277
51278.0000 1740 396 0.2276
51312.0000 1741 396 0.2275
51346.0000 1742 396 0.2273
51380.0000 1743 396 0.2272
51382.5000 1743 397 0.2278
51413.0000 1744 397 0.2276
51441.0000 1745 397 0.2275
51468.0000 1746 397 0.2274
51490.5000 1746 398 0.2279
51498.0000 1747 398 0.2278
51524.0000 1748 398 0.2277
51531.0000 1748 399 0.2283
51541.0000 1748 400 0.2288
51556.0000 1749 400 0.2287
51585.0000 1750 400 0.2286
51611.0000 1751 400 0.2284
51637.0000 1752 400 0.2283
51644.5000 1752 401 0.2289
51671.0000 1753 401 0.2288
51700.0000 1754 401 0.2286
51727.0000 1755 401 0.2285
51760.0000 1756 401 0.2284
51788.0000 1757 401 0.2282
51819.0000 1758 401 0.2281
51846.0000 1759 401 0.2280
51876.0000 1760 401 0.2278
51904.0000 1761 401 0.2277
51915.0000 1761 402 0.2283
51923.0000 1761 403 0.2288
51930.0000 1762 403 0.2287
51957.0000 1763 403 0.2286
51991.0000 1764 403 0.2285
51999.0000 1764 404 0.2290
52020.0000 1765 404 0.2289
52049.0000 1766 404 0.2288
52080.0000 1766 405 0.2293
52082.0000 1767 405 0.2292
52111.0000 1768 405 0.2291
52142.0000 1769 405 0.2289
52148.0000 1769 406 0.2295
52173.0000 1770 406 0.2294
52202.0000 1771 406 0.2292
52232.0000 1772 406 0.2291
52257.0000 1773 406 0.2290
52289.0000 1774 406 0.2289
52316.0000 1775 406 0.2287
52349.0000 1776 406 0.2286
52350.5000 1776 407 0.2292
52378.0000 1777 407 0.2290
52404.0000 1777 408 0.2296
52408.0000 1778 408 0.2295
52435.0000 1779 408 0.2293
52464.0000 1780 408 0.2292
52489.0000 1781 408 0.2291
52490.0000 1781 409 0.2296
52496.5000 1781 410 0.2302
52522.0000 1782 410 0.2301
52550.0000 1783 410 0.2299
52576.0000 1784 410 0.2298
52604.0000 1785 410 0.2297
52636.0000 1786 410 0.2296
52667.0000 1787 410 0.2294
52701.0000 1788 410 0.2293
52732.0000 1789 410 0.2292
52763.0000 1790 410 0.2291
52790.0000 1791 410 0.2289
52795.0000 1791 411 0.2295
52821.0000 1792 411 0.2294
52855.0000 1793 411 0.2292
52882.0000 1794 411 0.2291
52912.0000 1795 411 0.2290
52914.0000 1795 412 0.2295
52938.0000 1796 412 0.2294
52971.0000 1797 412 0.2293
52999.0000 1798 412 0.2291
53027.0000 1799 412 0.2290
53061.0000 1800 412 0.2289
53092.0000 1801 412 0.2288
53092.5000 1801 413 0.2293
53117.0000 1802 413 0.2292
53145.0000 1803 413 0.2291
53174.0000 1804 413 0.2289
53203.0000 1805 413 0.2288
53232.0000 1806 413 0.2287
53232.5000 1806 414 0.2292
53260.0000 1807 414 0.2291
53286.0000 1808 414 0.2290
53317.0000 1809 414 0.2289
53335.5000 1809 415 0.2294
53348.0000 1810 415 0.2293
53378.0000 1811 415 0.2292
53407.0000 1812 415 0.2290
53428.0000 1812 416 0.2296
53437.0000 1813 416 0.2295
53461.5000 1813 417 0.2300
53462.0000 1814 417 0.2299
53495.0000 1815 417 0.2298
53527.0000 1816 417 0.2296
53558.0000 1817 417 0.2295
53583.0000 1818 417 0.2294
53610.0000 1819 417 0.2292
53641.0000 1820 417 0.2291
53672.0000 1821 417 0.2290
53705.0000 1822 417 0.2289
53737.0000 1823 417 0.2287
53747.0000 1823 418 0.2293
53768.0000 1824 418 0.2292
53797.0000 1825 418 0.2290
53824.0000 1826 418 0.2289
53852.5000 1826 419 0.2295
53856.0000 1827 419 0.2293
53881.0000 1828 419 0.2292
53909.0000 1829 419 0.2291
53941.0000 1830 419 0.2290
53975.0000 1831 419 0.2288
54006.0000 1831 420 0.2294
54009.0000 1832 420 0.2293
54038.0000 1833 420 0.2291
54072.0000 1834 420 0.2290
54100.0000 1835 420 0.2289
54102.5000 1835 421 0.2294
54130.0000 1836 421 0.2293
54161.0000 1837 421 0.2292
54193.0000 1838 421 0.2291
54222.0000 1839 421 0.2289
54253.0000 1840 421 0.2288
54278.0000 1841 421 0.2287
54311.0000 1842 421 0.2286
54314.5000 1842 422 0.2291
54342.0000 1843 422 0.2290
54375.0000 1844 422 0.2289
54383.5000 1844 423 0.2294
54401.0000 1845 423 0.2293
54435.0000 1846 423 0.2291
54467.0000 1847 423 0.2290
54494.0000 1848 423 0.2289
54525.0000 1849 423 0.2288
54557.0000 1850 423 0.2286
54583.0000 1851 423 0.2285
54615.0000 1852 423 0.2284
54640.0000 1853 423 0.2283
54671.0000 1854 423 0.2282
54682.5000 1854 424 0.2287
54697.0000 1855 424 0.2286
54724.0000 1856 424 0.2284
54752.0000 1857 424 0.2283
54781.0000 1858 424 0.2282
54806.0000 1859 424 0.2281
54835.0000 1860 424 0.2280
54862.0000 1861 424 0.2278
54891.0000 1862 424 0.2277
54921.0000 1863 424 0.2276
54949.0000 1864 424 0.2275
54978.0000 1865 424 0.2273
54991.5000 1865 425 0.2279
55011.0000 1866 425 0.2278
55043.0000 1867 425 0.2276
55070.0000 1868 425 0.2275
55104.0000 1869 425 0.2274
55134.0000 1870 425 0.2273
55161.0000 1871 425 0.2272
55193.0000 1872 425 0.2270
55224.0000 1873 425 0.2269
55251.0000 1874 425 0.2268
55280.0000 1875 425 0.2267
55309.0000 1876 425 0.2265
55337.0000 1877 425 0.2264
55366.0000 1878 425 0.2263
55391.0000 1879 425 0.2262
55405.5000 1879 426 0.2267
55418.0000 1880 426 0.2266
55448.0000 1881 426 0.2265
55477.0000 1882 426 0.2264
55510.0000 1883 426 0.2262
55540.0000 1884 426 0.2261
55573.0000 1885 426 0.2260
55599.0000 1886 426 0.2259
55624.0000 1887 426 0.2258
55653.0000 1888 426 0.2256
55687.0000 1889 426 0.2255
55713.0000 1889 427 0.2260
55718.0000 1890 427 0.2259
55746.0000 1891 427 0.2258
55777.0000 1892 427 0.2257
55807.0000 1893 427 0.2256
55835.0000 1894 427 0.2254
55868.0000 1895 427 0.2253
55896.0000 1896 427 0.2252
55925.5000 1896 428 0.2257
55928.0000 1897 428 0.2256
55959.0000 1898 428 0.2255
55985.0000 1899 428 0.2254
56011.0000 1900 428 0.2253
56033.0000 1900 429 0.2258
56036.0000 1901 429 0.2257
56069.0000 1902 429 0.2256
56069.5000 1902 430 0.2261
56103.0000 1903 430 0.2260
56135.0000 1904 430 0.2258
56162.0000 1905 430 0.2257
56191.0000 1906 430 0.2256
56220.0000 1907 430 0.2255
56249.0000 1908 430 0.2254
56272.5000 1908 431 0.2259
56281.0000 1909 431 0.2258
56311.0000 1910 431 0.2257
56343.0000 1911 431 0.2255
56343.5000 1911 432 0.2261
56371.0000 1912 432 0.2259
56402.0000 1913 432 0.2258
56433.0000 1914 432 0.2257
56460.0000 1915 432 0.2256
56487.0000 1916 432 0.2255
56517.0000 1917 432 0.2254
56535.0000 1917 433 0.2259
56547.0000 1918 433 0.2258
56578.0000 1919 433 0.2256
56608.0000 1920 433 0.2255
56633.0000 1920 434 0.2260
56638.0000 1921 434 0.2259
56670.0000 1922 434 0.2258
56698.0000 1923 434 0.2257
56727.0000 1924 434 0.2256
56759.0000 1925 434 0.2255
56792.0000 1926 434 0.2253
56824.0000 1927 434 0.2252
56832.0000 1927 435 0.2257
56853.0000 1928 435 0.2256
56853.5000 1928 436 0.2261
56880.0000 1929 436 0.2260
56912.0000 1930 436 0.2259
56946.0000 1931 436 0.2258
56973.0000 1932 436 0.2257
56973.5000 1932 437 0.2262
57001.0000 1933 437 0.2261
57031.0000 1934 437 0.2260
57057.0000 1935 437 0.2258
57083.0000 1936 437 0.2257
57109.0000 1937 437 0.2256
57141.0000 1938 437 0.2255
57169.0000 1939 437 0.2254
57201.0000 1940 437 0.2253
57212.5000 1940 438 0.2258
57218.5000 1940 439 0.2263
57229.0000 1941 439 0.2262
57255.0000 1942 439 0.2261
57256.0000 1942 440 0.2266
57286.0000 1943 440 0.2265
57317.0000 1944 440 0.2263
57344.0000 1945 440 0.2262
57369.0000 1946 440 0.2261
57395.0000 1947 440 0.2260
57412.5000 1947 441 0.2265
57414.5000 1947 442 0.2270
57428.0000 1948 442 0.2269
57459.0000 1949 442 0.2268
57471.5000 1949 443 0.2273
57486.0000 1950 443 0.2272
57519.0000 1951 443 0.2271
57544.0000 1952 443 0.2269
57576.0000 1953 443 0.2268
