# messageDelay  cumulativeProbability
0.5000 0.0005
0.5000 0.0010
0.5000 0.0015
0.5000 0.0020
0.5000 0.0026
0.5000 0.0031
0.5000 0.0036
0.5000 0.0041
0.5000 0.0046
0.5000 0.0051
0.5000 0.0056
0.5000 0.0061
0.5000 0.0067
0.5000 0.0072
0.5000 0.0077
0.5000 0.0082
0.5000 0.0087
0.5000 0.0092
0.5000 0.0097
0.5000 0.0102
0.5000 0.0108
0.5000 0.0113
0.5000 0.0118
0.5000 0.0123
0.5000 0.0128
0.5000 0.0133
0.5000 0.0138
0.5000 0.0143
0.5000 0.0148
0.5000 0.0154
0.5000 0.0159
0.5000 0.0164
0.5000 0.0169
0.5000 0.0174
0.5000 0.0179
0.5000 0.0184
1.0000 0.0189
1.0000 0.0195
1.0000 0.0200
1.0000 0.0205
1.0000 0.0210
1.0000 0.0215
1.5000 0.0220
1.5000 0.0225
1.5000 0.0230
1.5000 0.0236
1.5000 0.0241
1.5000 0.0246
1.5000 0.0251
1.5000 0.0256
1.5000 0.0261
1.5000 0.0266
2.0000 0.0271
2.0000 0.0276
2.0000 0.0282
2.0000 0.0287
2.0000 0.0292
2.0000 0.0297
2.0000 0.0302
2.0000 0.0307
2.0000 0.0312
2.0000 0.0317
2.5000 0.0323
2.5000 0.0328
2.5000 0.0333
2.5000 0.0338
2.5000 0.0343
2.5000 0.0348
2.5000 0.0353
3.0000 0.0358
4.0000 0.0364
4.5000 0.0369
5.0000 0.0374
6.0000 0.0379
7.0000 0.0384
38.5000 0.0389
42.0000 0.0394
60.5000 0.0399
106.0000 0.0405
110.5000 0.0410
113.0000 0.0415
131.5000 0.0420
185.0000 0.0425
187.5000 0.0430
203.5000 0.0435
241.0000 0.0440
252.0000 0.0445
268.0000 0.0451
277.0000 0.0456
277.5000 0.0461
283.0000 0.0466
287.0000 0.0471
298.5000 0.0476
301.0000 0.0481
347.5000 0.0486
362.0000 0.0492
374.0000 0.0497
416.5000 0.0502
418.5000 0.0507
419.5000 0.0512
420.0000 0.0517
436.0000 0.0522
491.0000 0.0527
520.0000 0.0533
567.0000 0.0538
606.0000 0.0543
609.0000 0.0548
628.0000 0.0553
689.0000 0.0558
696.0000 0.0563
705.0000 0.0568
712.5000 0.0573
744.5000 0.0579
800.5000 0.0584
808.5000 0.0589
812.0000 0.0594
813.0000 0.0599
820.0000 0.0604
833.5000 0.0609
835.0000 0.0614
877.5000 0.0620
898.5000 0.0625
915.5000 0.0630
916.0000 0.0635
948.5000 0.0640
965.0000 0.0645
1016.0000 0.0650
1024.5000 0.0655
1041.0000 0.0661
1044.0000 0.0666
1086.0000 0.0671
1111.5000 0.0676
1139.5000 0.0681
1150.0000 0.0686
1160.5000 0.0691
1174.0000 0.0696
1184.0000 0.0701
1207.5000 0.0707
1242.0000 0.0712
1253.5000 0.0717
1337.5000 0.0722
1369.5000 0.0727
1385.0000 0.0732
1390.5000 0.0737
1402.0000 0.0742
1411.0000 0.0748
1425.0000 0.0753
1429.5000 0.0758
1430.5000 0.0763
1450.0000 0.0768
1474.0000 0.0773
1496.0000 0.0778
1511.5000 0.0783
1550.5000 0.0789
1578.0000 0.0794
1590.0000 0.0799
1660.0000 0.0804
1670.0000 0.0809
1716.5000 0.0814
1856.0000 0.0819
1905.5000 0.0824
1919.5000 0.0829
1964.0000 0.0835
1972.5000 0.0840
1984.5000 0.0845
1987.5000 0.0850
1996.5000 0.0855
2014.0000 0.0860
2036.5000 0.0865
2060.5000 0.0870
2071.5000 0.0876
2114.5000 0.0881
2180.5000 0.0886
2190.0000 0.0891
2202.0000 0.0896
2213.5000 0.0901
2225.5000 0.0906
2241.0000 0.0911
2253.0000 0.0917
2268.5000 0.0922
2284.0000 0.0927
2295.5000 0.0932
2330.5000 0.0937
2433.5000 0.0942
2451.0000 0.0947
2471.5000 0.0952
2495.5000 0.0958
2501.5000 0.0963
2525.5000 0.0968
2545.5000 0.0973
2547.0000 0.0978
2553.5000 0.0983
2565.5000 0.0988
2580.0000 0.0993
2597.0000 0.0998
2615.5000 0.1004
2632.5000 0.1009
2652.5000 0.1014
2662.5000 0.1019
2668.0000 0.1024
2679.0000 0.1029
2680.5000 0.1034
2717.0000 0.1039
2802.0000 0.1045
2824.0000 0.1050
2833.0000 0.1055
2875.0000 0.1060
2883.0000 0.1065
2895.5000 0.1070
2950.5000 0.1075
2971.0000 0.1080
3028.0000 0.1086
3123.5000 0.1091
3174.5000 0.1096
3217.5000 0.1101
3258.5000 0.1106
3301.5000 0.1111
3309.5000 0.1116
3313.0000 0.1121
3319.0000 0.1126
3322.0000 0.1132
3389.5000 0.1137
3421.0000 0.1142
3423.5000 0.1147
3473.5000 0.1152
3519.0000 0.1157
3570.0000 0.1162
3601.0000 0.1167
3630.5000 0.1173
3634.0000 0.1178
3641.0000 0.1183
3673.5000 0.1188
3675.0000 0.1193
3757.0000 0.1198
3792.5000 0.1203
3806.0000 0.1208
3815.0000 0.1214
3831.0000 0.1219
3856.5000 0.1224
3893.5000 0.1229
3896.5000 0.1234
3993.0000 0.1239
4012.5000 0.1244
4031.5000 0.1249
4045.5000 0.1254
4081.5000 0.1260
4125.0000 0.1265
4127.5000 0.1270
4227.5000 0.1275
4246.0000 0.1280
4259.0000 0.1285
4295.5000 0.1290
4439.0000 0.1295
4460.0000 0.1301
4492.0000 0.1306
4499.0000 0.1311
4512.0000 0.1316
4530.0000 0.1321
4608.5000 0.1326
4700.0000 0.1331
4712.0000 0.1336
4715.0000 0.1342
4761.5000 0.1347
4771.0000 0.1352
4794.0000 0.1357
4801.0000 0.1362
4911.5000 0.1367
4949.0000 0.1372
5061.5000 0.1377
5142.0000 0.1382
5166.5000 0.1388
5171.5000 0.1393
5193.0000 0.1398
5203.5000 0.1403
5225.0000 0.1408
5235.5000 0.1413
5248.0000 0.1418
5330.0000 0.1423
5332.5000 0.1429
5345.0000 0.1434
5349.5000 0.1439
5425.0000 0.1444
5425.5000 0.1449
5440.5000 0.1454
5498.0000 0.1459
5508.0000 0.1464
5610.0000 0.1470
5654.5000 0.1475
5778.5000 0.1480
5780.0000 0.1485
5781.0000 0.1490
5790.5000 0.1495
5832.5000 0.1500
5836.5000 0.1505
5866.5000 0.1510
5908.5000 0.1516
5930.5000 0.1521
5944.5000 0.1526
5948.0000 0.1531
6049.5000 0.1536
6163.0000 0.1541
6189.5000 0.1546
6210.0000 0.1551
6274.0000 0.1557
6289.5000 0.1562
6311.5000 0.1567
6315.5000 0.1572
6335.5000 0.1577
6349.5000 0.1582
6484.5000 0.1587
6500.5000 0.1592
6513.0000 0.1598
6538.0000 0.1603
6547.0000 0.1608
6590.5000 0.1613
6680.0000 0.1618
6737.5000 0.1623
6791.5000 0.1628
6795.5000 0.1633
6804.0000 0.1639
6810.0000 0.1644
6868.0000 0.1649
6902.5000 0.1654
6916.5000 0.1659
6930.0000 0.1664
7044.5000 0.1669
7136.5000 0.1674
7236.5000 0.1679
7323.0000 0.1685
7395.5000 0.1690
7497.5000 0.1695
7626.0000 0.1700
7640.0000 0.1705
7694.5000 0.1710
7727.5000 0.1715
7804.5000 0.1720
7956.0000 0.1726
7979.0000 0.1731
8053.0000 0.1736
8123.0000 0.1741
8125.5000 0.1746
8136.0000 0.1751
8169.5000 0.1756
8226.0000 0.1761
8244.0000 0.1767
8321.0000 0.1772
8546.5000 0.1777
8552.0000 0.1782
8714.0000 0.1787
8719.0000 0.1792
8759.5000 0.1797
8799.5000 0.1802
8847.5000 0.1807
8849.0000 0.1813
9007.0000 0.1818
9063.0000 0.1823
9215.0000 0.1828
9246.5000 0.1833
9261.0000 0.1838
9286.5000 0.1843
9333.5000 0.1848
9380.5000 0.1854
9484.0000 0.1859
9516.5000 0.1864
9680.5000 0.1869
9681.5000 0.1874
9713.5000 0.1879
9719.5000 0.1884
9730.5000 0.1889
9752.5000 0.1895
9754.5000 0.1900
9772.5000 0.1905
9828.5000 0.1910
9997.0000 0.1915
10010.5000 0.1920
10067.5000 0.1925
10131.5000 0.1930
10433.5000 0.1935
10445.0000 0.1941
10555.0000 0.1946
10611.5000 0.1951
10729.5000 0.1956
10790.0000 0.1961
10823.0000 0.1966
10902.0000 0.1971
11007.0000 0.1976
11064.0000 0.1982
11241.5000 0.1987
11261.5000 0.1992
11330.5000 0.1997
11493.0000 0.2002
11499.5000 0.2007
11510.5000 0.2012
11679.5000 0.2017
11688.0000 0.2023
11895.5000 0.2028
11928.5000 0.2033
12028.0000 0.2038
12209.0000 0.2043
12214.5000 0.2048
12271.0000 0.2053
12447.0000 0.2058
12528.5000 0.2063
12644.0000 0.2069
12834.5000 0.2074
12871.5000 0.2079
13008.5000 0.2084
13076.0000 0.2089
13334.0000 0.2094
13377.0000 0.2099
13500.0000 0.2104
13536.5000 0.2110
13583.5000 0.2115
13588.0000 0.2120
13698.0000 0.2125
13737.5000 0.2130
13991.0000 0.2135
14378.0000 0.2140
14396.0000 0.2145
14439.5000 0.2151
14611.5000 0.2156
14759.0000 0.2161
14775.0000 0.2166
14889.0000 0.2171
14895.0000 0.2176
15317.5000 0.2181
15423.5000 0.2186
15631.5000 0.2192
15667.0000 0.2197
15849.5000 0.2202
15866.5000 0.2207
15958.0000 0.2212
16088.5000 0.2217
16135.5000 0.2222
16152.5000 0.2227
16629.5000 0.2232
16677.0000 0.2238
16840.5000 0.2243
16872.0000 0.2248
17455.5000 0.2253
17610.0000 0.2258
17755.5000 0.2263
17886.5000 0.2268
