# time  created  delivered  delivered/created
32.0000 1 0 0.0000
58.0000 2 0 0.0000
84.0000 3 0 0.0000
112.0000 4 0 0.0000
144.0000 5 0 0.0000
170.0000 6 0 0.0000
203.0000 7 0 0.0000
233.0000 8 0 0.0000
265.0000 9 0 0.0000
291.0000 10 0 0.0000
320.0000 11 0 0.0000
345.0000 12 0 0.0000
379.0000 13 0 0.0000
405.0000 14 0 0.0000
431.0000 15 0 0.0000
464.0000 16 0 0.0000
498.0000 17 0 0.0000
523.0000 18 0 0.0000
536.0000 18 1 0.0556
557.0000 19 1 0.0526
582.0000 20 1 0.0500
609.0000 21 1 0.0476
640.0000 22 1 0.0455
669.0000 23 1 0.0435
698.0000 24 1 0.0417
730.0000 25 1 0.0400
757.0000 26 1 0.0385
759.5000 26 2 0.0769
785.0000 27 2 0.0741
818.0000 28 2 0.0714
852.0000 29 2 0.0690
881.0000 30 2 0.0667
913.0000 31 2 0.0645
945.0000 32 2 0.0625
976.0000 33 2 0.0606
1007.0000 34 2 0.0588
1035.0000 35 2 0.0571
1060.0000 36 2 0.0556
1092.0000 37 2 0.0541
1092.0000 37 3 0.0811
1121.0000 38 3 0.0789
1154.0000 39 3 0.0769
1184.0000 40 3 0.0750
1216.0000 41 3 0.0732
1249.0000 42 3 0.0714
1281.0000 43 3 0.0698
1313.0000 44 3 0.0682
1345.0000 45 3 0.0667
1378.0000 46 3 0.0652
1411.0000 47 3 0.0638
1437.0000 48 3 0.0625
1465.0000 49 3 0.0612
1478.5000 49 4 0.0816
1498.0000 50 4 0.0800
1528.0000 51 4 0.0784
1560.0000 52 4 0.0769
1562.5000 52 5 0.0962
1586.0000 53 5 0.0943
1617.0000 54 5 0.0926
1646.0000 55 5 0.0909
1677.0000 56 5 0.0893
1699.5000 56 6 0.1071
1707.0000 57 6 0.1053
1739.0000 58 6 0.1034
1769.0000 59 6 0.1017
1801.0000 60 6 0.1000
1826.0000 61 6 0.0984
1852.0000 62 6 0.0968
1881.0000 63 6 0.0952
1904.5000 63 7 0.1111
1908.0000 64 7 0.1094
1933.0000 64 8 0.1250
1937.0000 65 8 0.1231
1968.0000 66 8 0.1212
1970.5000 66 9 0.1364
1997.0000 67 9 0.1343
2022.0000 68 9 0.1324
2054.0000 69 9 0.1304
2088.0000 70 9 0.1286
2113.0000 70 10 0.1429
2117.0000 71 10 0.1408
2142.0000 72 10 0.1389
2173.0000 73 10 0.1370
2199.0000 74 10 0.1351
2229.0000 75 10 0.1333
2252.0000 75 11 0.1467
2262.0000 76 11 0.1447
2294.0000 77 11 0.1429
2306.5000 77 12 0.1558
2319.0000 78 12 0.1538
2353.0000 79 12 0.1519
2353.5000 79 13 0.1646
2378.0000 80 13 0.1625
2392.5000 80 14 0.1750
2411.0000 81 14 0.1728
2443.0000 82 14 0.1707
2450.5000 82 15 0.1829
2470.0000 83 15 0.1807
2498.0000 84 15 0.1786
2530.0000 85 15 0.1765
2561.0000 86 15 0.1744
2589.0000 87 15 0.1724
2619.0000 88 15 0.1705
2649.0000 89 15 0.1685
2674.0000 90 15 0.1667
2704.0000 91 15 0.1648
2734.0000 92 15 0.1630
2744.5000 92 16 0.1739
2745.5000 92 17 0.1848
2768.0000 93 17 0.1828
2770.0000 93 18 0.1935
2771.5000 93 19 0.2043
2773.0000 93 20 0.2151
2794.0000 94 20 0.2128
2800.0000 94 21 0.2234
2823.0000 95 21 0.2211
2853.0000 96 21 0.2188
2880.0000 97 21 0.2165
2909.0000 98 21 0.2143
2928.0000 98 22 0.2245
2941.0000 99 22 0.2222
2974.0000 100 22 0.2200
3003.0000 101 22 0.2178
3037.0000 102 22 0.2157
3045.5000 102 23 0.2255
3047.0000 102 24 0.2353
3064.0000 103 24 0.2330
3081.0000 103 25 0.2427
3094.0000 104 25 0.2404
3121.0000 105 25 0.2381
3146.0000 106 25 0.2358
3175.0000 107 25 0.2336
3198.5000 107 26 0.2430
3207.0000 108 26 0.2407
3237.0000 109 26 0.2385
3243.0000 109 27 0.2477
3262.0000 110 27 0.2455
3295.0000 111 27 0.2432
3322.0000 112 27 0.2411
3352.0000 113 27 0.2389
3379.0000 114 27 0.2368
3408.0000 115 27 0.2348
3435.0000 116 27 0.2328
3461.0000 117 27 0.2308
3487.0000 118 27 0.2288
3516.0000 119 27 0.2269
3540.5000 119 28 0.2353
3543.0000 120 28 0.2333
3543.5000 120 29 0.2417
3545.5000 120 30 0.2500
3570.0000 121 30 0.2479
3601.0000 122 30 0.2459
3627.0000 123 30 0.2439
3661.0000 124 30 0.2419
3691.0000 125 30 0.2400
3724.0000 126 30 0.2381
3754.0000 127 30 0.2362
3786.0000 128 30 0.2344
3807.0000 128 31 0.2422
3811.0000 129 31 0.2403
3842.0000 130 31 0.2385
3873.0000 131 31 0.2366
3881.0000 131 32 0.2443
3904.0000 132 32 0.2424
3934.0000 133 32 0.2406
3968.0000 134 32 0.2388
3999.0000 135 32 0.2370
4028.0000 136 32 0.2353
4055.0000 137 32 0.2336
4080.0000 138 32 0.2319
4112.0000 139 32 0.2302
4143.0000 140 32 0.2286
4174.0000 141 32 0.2270
4174.5000 141 33 0.2340
4192.5000 141 34 0.2411
4205.0000 142 34 0.2394
4216.0000 142 35 0.2465
4230.0000 143 35 0.2448
4255.0000 144 35 0.2431
4283.0000 145 35 0.2414
4314.0000 146 35 0.2397
4342.0000 147 35 0.2381
4368.0000 148 35 0.2365
4402.0000 149 35 0.2349
4432.0000 150 35 0.2333
4462.0000 151 35 0.2318
4488.0000 152 35 0.2303
4488.5000 152 36 0.2368
4515.0000 153 36 0.2353
4546.0000 154 36 0.2338
4572.0000 155 36 0.2323
4590.0000 155 37 0.2387
4606.0000 156 37 0.2372
4638.0000 157 37 0.2357
4672.0000 158 37 0.2342
4701.0000 159 37 0.2327
4708.0000 159 38 0.2390
4729.0000 160 38 0.2375
4758.0000 161 38 0.2360
4758.5000 161 39 0.2422
4792.0000 162 39 0.2407
4822.0000 163 39 0.2393
4847.0000 164 39 0.2378
4875.0000 165 39 0.2364
4902.0000 166 39 0.2349
4935.0000 167 39 0.2335
4965.0000 168 39 0.2321
4996.0000 169 39 0.2308
5028.0000 170 39 0.2294
5058.0000 171 39 0.2281
5078.0000 171 40 0.2339
5089.0000 172 40 0.2326
5109.0000 172 41 0.2384
5119.0000 173 41 0.2370
5150.0000 174 41 0.2356
5152.0000 174 42 0.2414
5153.0000 174 43 0.2471
5183.0000 175 43 0.2457
5195.5000 175 44 0.2514
5213.0000 176 44 0.2500
5213.0000 176 45 0.2557
5243.0000 177 45 0.2542
5266.0000 177 46 0.2599
5276.0000 178 46 0.2584
5305.0000 179 46 0.2570
5311.0000 179 47 0.2626
5323.0000 179 48 0.2682
5339.0000 180 48 0.2667
5366.0000 181 48 0.2652
5391.0000 182 48 0.2637
5419.0000 183 48 0.2623
5444.0000 184 48 0.2609
5474.0000 185 48 0.2595
5504.0000 186 48 0.2581
5531.0000 187 48 0.2567
5562.0000 188 48 0.2553
5592.0000 189 48 0.2540
5624.0000 190 48 0.2526
5642.5000 190 49 0.2579
5658.0000 191 49 0.2565
5688.0000 192 49 0.2552
5716.0000 193 49 0.2539
5747.0000 194 49 0.2526
5773.0000 195 49 0.2513
5807.0000 196 49 0.2500
5837.0000 197 49 0.2487
5868.0000 198 49 0.2475
5868.5000 198 50 0.2525
5900.0000 199 50 0.2513
5931.0000 200 50 0.2500
5958.0000 201 50 0.2488
5970.0000 201 51 0.2537
5973.0000 201 52 0.2587
5984.0000 202 52 0.2574
5984.5000 202 53 0.2624
6017.0000 203 53 0.2611
6047.0000 204 53 0.2598
6074.0000 205 53 0.2585
6101.0000 206 53 0.2573
6119.5000 206 54 0.2621
6129.5000 206 55 0.2670
6130.0000 207 55 0.2657
6156.0000 208 55 0.2644
6181.0000 209 55 0.2632
6213.0000 210 55 0.2619
6243.0000 211 55 0.2607
6275.0000 212 55 0.2594
6305.0000 213 55 0.2582
6335.0000 214 55 0.2570
6365.0000 215 55 0.2558
6366.5000 215 56 0.2605
6390.0000 216 56 0.2593
6417.0000 217 56 0.2581
6418.0000 217 57 0.2627
6450.0000 218 57 0.2615
6478.0000 218 58 0.2661
6483.0000 219 58 0.2648
6509.0000 220 58 0.2636
6540.0000 221 58 0.2624
6570.0000 222 58 0.2613
6601.0000 223 58 0.2601
6610.5000 223 59 0.2646
6621.0000 223 60 0.2691
6634.0000 224 60 0.2679
6666.0000 225 60 0.2667
6691.0000 226 60 0.2655
6716.0000 227 60 0.2643
6721.0000 227 61 0.2687
6745.0000 227 62 0.2731
6748.0000 228 62 0.2719
6773.0000 229 62 0.2707
6806.0000 230 62 0.2696
6838.0000 231 62 0.2684
6870.0000 232 62 0.2672
6897.0000 233 62 0.2661
6923.0000 234 62 0.2650
6952.0000 235 62 0.2638
6986.0000 236 62 0.2627
7013.0000 237 62 0.2616
7043.0000 238 62 0.2605
7077.0000 239 62 0.2594
7111.0000 240 62 0.2583
7138.0000 241 62 0.2573
7169.0000 242 62 0.2562
7169.5000 242 63 0.2603
7194.0000 243 63 0.2593
7228.0000 244 63 0.2582
7262.0000 245 63 0.2571
7296.0000 246 63 0.2561
7324.0000 247 63 0.2551
7324.5000 247 64 0.2591
7354.0000 248 64 0.2581
7380.0000 249 64 0.2570
7409.0000 250 64 0.2560
7413.0000 250 65 0.2600
7437.0000 251 65 0.2590
7446.0000 251 66 0.2629
7462.5000 251 67 0.2669
7464.0000 252 67 0.2659
7466.0000 252 68 0.2698
7494.0000 253 68 0.2688
7521.0000 253 69 0.2727
7525.0000 254 69 0.2717
7534.0000 254 70 0.2756
7559.0000 255 70 0.2745
7561.5000 255 71 0.2784
7568.5000 255 72 0.2824
7590.0000 256 72 0.2813
7619.0000 257 72 0.2802
7622.5000 257 73 0.2840
7647.0000 258 73 0.2829
7678.0000 259 73 0.2819
7703.0000 260 73 0.2808
7729.0000 261 73 0.2797
7735.0000 261 74 0.2835
7746.5000 261 75 0.2874
7762.0000 262 75 0.2863
7789.0000 263 75 0.2852
7814.0000 264 75 0.2841
7844.0000 265 75 0.2830
7861.5000 265 76 0.2868
7873.0000 266 76 0.2857
7907.0000 267 76 0.2846
7935.0000 268 76 0.2836
7937.0000 268 77 0.2873
7964.0000 269 77 0.2862
7994.0000 270 77 0.2852
8027.0000 271 77 0.2841
8027.5000 271 78 0.2878
8057.0000 272 78 0.2868
8075.0000 272 79 0.2904
8078.0000 272 80 0.2941
8085.0000 273 80 0.2930
8113.0000 274 80 0.2920
8126.5000 274 81 0.2956
8146.0000 275 81 0.2945
8172.0000 276 81 0.2935
8187.5000 276 82 0.2971
8201.0000 277 82 0.2960
8231.0000 278 82 0.2950
8261.0000 279 82 0.2939
8295.0000 280 82 0.2929
8320.0000 281 82 0.2918
8350.0000 282 82 0.2908
8380.0000 283 82 0.2898
8408.0000 284 82 0.2887
8433.0000 285 82 0.2877
8460.0000 286 82 0.2867
8488.0000 287 82 0.2857
8489.5000 287 83 0.2892
8517.0000 288 83 0.2882
8549.0000 289 83 0.2872
8581.0000 290 83 0.2862
8614.0000 291 83 0.2852
8641.0000 292 83 0.2842
8666.0000 293 83 0.2833
8696.0000 294 83 0.2823
8724.5000 294 84 0.2857
8729.0000 295 84 0.2847
8755.0000 296 84 0.2838
8764.5000 296 85 0.2872
8782.0000 297 85 0.2862
8807.0000 298 85 0.2852
8835.0000 299 85 0.2843
8863.0000 300 85 0.2833
8894.0000 301 85 0.2824
8921.0000 301 86 0.2857
8924.0000 302 86 0.2848
8929.0000 302 87 0.2881
8954.0000 303 87 0.2871
8978.5000 303 88 0.2904
8980.0000 304 88 0.2895
9006.0000 305 88 0.2885
9026.0000 305 89 0.2918
9027.0000 305 90 0.2951
9027.5000 305 91 0.2984
9031.0000 306 91 0.2974
9062.0000 307 91 0.2964
9095.0000 308 91 0.2955
9126.0000 309 91 0.2945
9152.0000 310 91 0.2935
9181.0000 311 91 0.2926
9211.0000 312 91 0.2917
9242.0000 313 91 0.2907
9267.0000 314 91 0.2898
9298.0000 315 91 0.2889
9310.5000 315 92 0.2921
9329.0000 316 92 0.2911
9362.0000 317 92 0.2902
9387.0000 318 92 0.2893
9412.0000 319 92 0.2884
9412.5000 319 93 0.2915
9416.0000 319 94 0.2947
9428.0000 319 95 0.2978
9439.0000 320 95 0.2969
9473.0000 321 95 0.2960
9501.0000 322 95 0.2950
9501.5000 322 96 0.2981
9527.0000 323 96 0.2972
9554.0000 324 96 0.2963
9580.0000 325 96 0.2954
9607.0000 326 96 0.2945
9633.5000 326 97 0.2975
9634.0000 326 98 0.3006
9641.0000 327 98 0.2997
9668.0000 328 98 0.2988
9702.0000 329 98 0.2979
9731.5000 329 99 0.3009
9733.0000 330 99 0.3000
9759.0000 331 99 0.2991
9768.5000 331 100 0.3021
9785.0000 332 100 0.3012
9813.0000 333 100 0.3003
9813.5000 333 101 0.3033
9842.0000 334 101 0.3024
9869.0000 335 101 0.3015
9898.0000 336 101 0.3006
9925.0000 337 101 0.2997
9958.0000 338 101 0.2988
9983.0000 339 101 0.2979
10012.0000 340 101 0.2971
10041.0000 341 101 0.2962
10075.0000 342 101 0.2953
10075.5000 342 102 0.2982
10102.0000 343 102 0.2974
10132.0000 344 102 0.2965
10150.5000 344 103 0.2994
10157.0000 345 103 0.2986
10168.0000 345 104 0.3014
10188.0000 346 104 0.3006
10217.0000 347 104 0.2997
10243.0000 348 104 0.2989
10276.0000 349 104 0.2980
10301.0000 350 104 0.2971
10331.0000 351 104 0.2963
10331.5000 351 105 0.2991
10354.0000 351 106 0.3020
10356.0000 352 106 0.3011
10386.0000 353 106 0.3003
10417.0000 354 106 0.2994
10448.0000 355 106 0.2986
10478.0000 356 106 0.2978
10512.0000 357 106 0.2969
10537.0000 358 106 0.2961
10537.5000 358 107 0.2989
10556.0000 358 108 0.3017
10566.0000 359 108 0.3008
10595.0000 360 108 0.3000
10609.0000 360 109 0.3028
10618.5000 360 110 0.3056
10628.0000 361 110 0.3047
10660.0000 362 110 0.3039
10675.0000 362 111 0.3066
10685.0000 363 111 0.3058
10717.0000 364 111 0.3049
10730.0000 364 112 0.3077
10744.0000 365 112 0.3068
10750.5000 365 113 0.3096
10751.5000 365 114 0.3123
10770.0000 366 114 0.3115
10797.0000 367 114 0.3106
10824.0000 368 114 0.3098
10858.0000 369 114 0.3089
10887.0000 370 114 0.3081
10912.0000 371 114 0.3073
10939.0000 372 114 0.3065
10973.0000 373 114 0.3056
10993.0000 373 115 0.3083
11006.0000 374 115 0.3075
11032.0000 375 115 0.3067
11065.0000 376 115 0.3059
11095.0000 377 115 0.3050
11121.0000 378 115 0.3042
11128.5000 378 116 0.3069
11148.0000 379 116 0.3061
11182.0000 380 116 0.3053
11216.0000 381 116 0.3045
11247.0000 382 116 0.3037
11252.0000 382 117 0.3063
11275.0000 383 117 0.3055
11301.0000 384 117 0.3047
11333.0000 385 117 0.3039
11343.0000 385 118 0.3065
11366.0000 386 118 0.3057
11391.0000 387 118 0.3049
11413.0000 387 119 0.3075
11422.0000 388 119 0.3067
11450.0000 389 119 0.3059
11473.5000 389 120 0.3085
11477.5000 389 121 0.3111
11479.0000 390 121 0.3103
11501.5000 390 122 0.3128
11513.0000 391 122 0.3120
11514.0000 391 123 0.3146
11540.0000 392 123 0.3138
11573.0000 393 123 0.3130
11600.0000 394 123 0.3122
11627.0000 395 123 0.3114
11652.0000 396 123 0.3106
11679.0000 397 123 0.3098
11711.0000 398 123 0.3090
11741.0000 399 123 0.3083
11769.0000 400 123 0.3075
11797.0000 401 123 0.3067
11812.0000 401 124 0.3092
11825.0000 402 124 0.3085
11851.0000 403 124 0.3077
11869.5000 403 125 0.3102
11882.0000 404 125 0.3094
11911.0000 405 125 0.3086
11919.5000 405 126 0.3111
11935.5000 405 127 0.3136
11938.0000 406 127 0.3128
11965.0000 407 127 0.3120
11973.5000 407 128 0.3145
11999.0000 408 128 0.3137
12024.0000 409 128 0.3130
12024.5000 409 129 0.3154
12049.0000 410 129 0.3146
12081.0000 411 129 0.3139
12107.0000 412 129 0.3131
12136.0000 413 129 0.3123
12169.0000 414 129 0.3116
12196.0000 415 129 0.3108
12223.0000 416 129 0.3101
12236.5000 416 130 0.3125
12254.0000 417 130 0.3118
12282.5000 417 131 0.3141
12285.0000 418 131 0.3134
12310.0000 419 131 0.3126
12337.0000 420 131 0.3119
12362.0000 421 131 0.3112
12394.0000 422 131 0.3104
12400.5000 422 132 0.3128
12428.0000 423 132 0.3121
12462.0000 424 132 0.3113
12483.0000 424 133 0.3137
12494.0000 425 133 0.3129
12524.0000 426 133 0.3122
12553.0000 427 133 0.3115
12586.0000 428 133 0.3107
12612.0000 429 133 0.3100
12643.0000 430 133 0.3093
12671.0000 431 133 0.3086
12704.0000 432 133 0.3079
12730.0000 433 133 0.3072
12745.0000 433 134 0.3095
12755.0000 434 134 0.3088
12789.0000 435 134 0.3080
12817.0000 436 134 0.3073
12842.0000 437 134 0.3066
12871.0000 438 134 0.3059
12871.5000 438 135 0.3082
12903.0000 439 135 0.3075
12920.0000 439 136 0.3098
12933.0000 440 136 0.3091
12966.0000 441 136 0.3084
12992.0000 442 136 0.3077
13021.0000 443 136 0.3070
13034.5000 443 137 0.3093
13050.0000 444 137 0.3086
13056.5000 444 138 0.3108
13078.0000 445 138 0.3101
13097.5000 445 139 0.3124
13104.0000 446 139 0.3117
13136.0000 447 139 0.3110
13170.0000 448 139 0.3103
13204.0000 449 139 0.3096
13231.0000 450 139 0.3089
13238.0000 450 140 0.3111
13257.0000 451 140 0.3104
13290.0000 452 140 0.3097
13316.0000 453 140 0.3091
13341.0000 454 140 0.3084
13366.0000 455 140 0.3077
13368.0000 455 141 0.3099
13399.0000 456 141 0.3092
13428.0000 457 141 0.3085
13456.0000 458 141 0.3079
13468.0000 458 142 0.3100
13481.0000 459 142 0.3094
13508.0000 460 142 0.3087
13536.0000 461 142 0.3080
13545.5000 461 143 0.3102
13564.0000 462 143 0.3095
13582.0000 462 144 0.3117
13597.0000 463 144 0.3110
13630.0000 464 144 0.3103
13664.0000 465 144 0.3097
13698.0000 466 144 0.3090
13725.0000 467 144 0.3084
13757.0000 468 144 0.3077
13757.5000 468 145 0.3098
13785.0000 469 145 0.3092
13818.0000 470 145 0.3085
13845.0000 471 145 0.3079
13872.0000 472 145 0.3072
13902.0000 473 145 0.3066
13928.0000 474 145 0.3059
13958.0000 475 145 0.3053
13958.5000 475 146 0.3074
13989.0000 476 146 0.3067
14020.0000 477 146 0.3061
14047.0000 478 146 0.3054
14073.0000 479 146 0.3048
14095.0000 479 147 0.3069
14103.0000 480 147 0.3063
14128.0000 481 147 0.3056
14161.0000 482 147 0.3050
14167.0000 482 148 0.3071
14186.0000 483 148 0.3064
14190.5000 483 149 0.3085
14214.0000 484 149 0.3079
14240.0000 485 149 0.3072
14270.0000 486 149 0.3066
14295.0000 486 150 0.3086
14302.0000 487 150 0.3080
14302.0000 487 151 0.3101
14327.5000 487 152 0.3121
14331.0000 488 152 0.3115
14360.0000 489 152 0.3108
14360.5000 489 153 0.3129
14388.0000 490 153 0.3122
14414.0000 491 153 0.3116
14440.0000 491 154 0.3136
14445.0000 492 154 0.3130
14476.0000 493 154 0.3124
14505.0000 494 154 0.3117
14538.0000 495 154 0.3111
14566.0000 496 154 0.3105
14595.0000 497 154 0.3099
14627.0000 498 154 0.3092
14629.5000 498 155 0.3112
14655.0000 499 155 0.3106
14689.0000 500 155 0.3100
14714.0000 501 155 0.3094
14744.0000 502 155 0.3088
14762.5000 502 156 0.3108
14778.0000 503 156 0.3101
14812.0000 504 156 0.3095
14826.0000 504 157 0.3115
14839.0000 505 157 0.3109
14873.0000 506 157 0.3103
14882.0000 506 158 0.3123
14906.0000 507 158 0.3116
14918.5000 507 159 0.3136
14930.0000 507 160 0.3156
14933.0000 508 160 0.3150
14962.0000 509 160 0.3143
14995.0000 510 160 0.3137
15024.0000 511 160 0.3131
15040.5000 511 161 0.3151
15044.0000 511 162 0.3170
15050.0000 512 162 0.3164
15077.0000 513 162 0.3158
15103.0000 514 162 0.3152
15134.0000 515 162 0.3146
15160.0000 516 162 0.3140
15188.0000 517 162 0.3133
15219.0000 518 162 0.3127
15221.5000 518 163 0.3147
15247.0000 519 163 0.3141
15281.0000 520 163 0.3135
15313.0000 521 163 0.3129
15338.0000 522 163 0.3123
15367.0000 523 163 0.3117
15398.0000 524 163 0.3111
15400.0000 524 164 0.3130
15424.0000 525 164 0.3124
15456.0000 526 164 0.3118
15462.0000 526 165 0.3137
15486.0000 527 165 0.3131
15508.0000 527 166 0.3150
15513.0000 528 166 0.3144
15539.0000 529 166 0.3138
15573.0000 530 166 0.3132
15599.0000 531 166 0.3126
15631.0000 532 166 0.3120
15656.0000 533 166 0.3114
15684.0000 534 166 0.3109
15717.0000 535 166 0.3103
15742.5000 535 167 0.3121
15747.5000 535 168 0.3140
15751.0000 536 168 0.3134
15754.0000 536 169 0.3153
15776.0000 537 169 0.3147
15805.0000 538 169 0.3141
15838.0000 539 169 0.3135
15863.0000 540 169 0.3130
15865.0000 540 170 0.3148
15892.0000 541 170 0.3142
15892.5000 541 171 0.3161
15923.0000 542 171 0.3155
15948.0000 543 171 0.3149
15977.0000 544 171 0.3143
16003.0000 545 171 0.3138
16009.5000 545 172 0.3156
16016.0000 545 173 0.3174
16029.0000 546 173 0.3168
16062.0000 547 173 0.3163
16096.0000 548 173 0.3157
16125.0000 549 173 0.3151
16157.0000 550 173 0.3145
16159.5000 550 174 0.3164
16188.0000 551 174 0.3158
16219.0000 552 174 0.3152
16252.0000 553 174 0.3146
16278.0000 554 174 0.3141
16303.0000 555 174 0.3135
16332.0000 556 174 0.3129
16339.5000 556 175 0.3147
16343.5000 556 176 0.3165
16361.0000 557 176 0.3160
16391.0000 558 176 0.3154
16420.0000 559 176 0.3148
16423.0000 559 177 0.3166
16449.0000 560 177 0.3161
16475.0000 561 177 0.3155
16508.0000 562 177 0.3149
16542.0000 563 177 0.3144
16571.0000 564 177 0.3138
16598.0000 565 177 0.3133
16626.0000 566 177 0.3127
16653.0000 567 177 0.3122
16685.0000 568 177 0.3116
16719.0000 569 177 0.3111
16748.0000 570 177 0.3105
16775.0000 571 177 0.3100
16801.0000 572 177 0.3094
16827.0000 573 177 0.3089
16853.0000 574 177 0.3084
16884.0000 575 177 0.3078
16910.0000 576 177 0.3073
16937.0000 577 177 0.3068
16965.0000 578 177 0.3062
16974.0000 578 178 0.3080
16991.0000 579 178 0.3074
17025.0000 580 178 0.3069
17053.0000 581 178 0.3064
17086.0000 582 178 0.3058
17086.0000 582 179 0.3076
17112.0000 583 179 0.3070
17135.5000 583 180 0.3087
17139.0000 584 180 0.3082
17172.0000 585 180 0.3077
17201.0000 586 180 0.3072
17232.0000 587 180 0.3066
17247.0000 587 181 0.3083
17264.0000 588 181 0.3078
17289.0000 589 181 0.3073
17321.5000 589 182 0.3090
17323.0000 590 182 0.3085
17355.0000 591 182 0.3080
17385.0000 592 182 0.3074
17415.0000 593 182 0.3069
17440.0000 594 182 0.3064
17468.0000 595 182 0.3059
17501.0000 596 182 0.3054
17531.0000 597 182 0.3049
17558.0000 598 182 0.3043
17589.0000 599 182 0.3038
17614.0000 600 182 0.3033
17620.5000 600 183 0.3050
17639.0000 601 183 0.3045
17672.0000 602 183 0.3040
17697.0000 603 183 0.3035
17722.0000 604 183 0.3030
17725.5000 604 184 0.3046
17745.5000 604 185 0.3063
17747.0000 605 185 0.3058
17776.0000 606 185 0.3053
17802.0000 607 185 0.3048
17834.0000 608 185 0.3043
17868.0000 609 185 0.3038
17901.0000 610 185 0.3033
17934.0000 611 185 0.3028
17956.5000 611 186 0.3044
17959.0000 612 186 0.3039
17985.0000 613 186 0.3034
18010.0000 614 186 0.3029
18041.0000 615 186 0.3024
18074.0000 616 186 0.3019
18088.5000 616 187 0.3036
18103.0000 617 187 0.3031
18131.0000 618 187 0.3026
18165.0000 619 187 0.3021
18195.0000 620 187 0.3016
18221.0000 621 187 0.3011
18252.0000 622 187 0.3006
18283.0000 623 187 0.3002
18293.0000 623 188 0.3018
18317.0000 624 188 0.3013
18344.0000 625 188 0.3008
18375.0000 626 188 0.3003
18405.0000 627 188 0.2998
18434.0000 628 188 0.2994
18436.5000 628 189 0.3010
18467.0000 629 189 0.3005
18492.0000 630 189 0.3000
18526.0000 631 189 0.2995
18547.5000 631 190 0.3011
18554.0000 632 190 0.3006
18579.0000 633 190 0.3002
18609.0000 634 190 0.2997
18635.0000 635 190 0.2992
18668.0000 636 190 0.2987
18700.0000 637 190 0.2983
18729.0000 638 190 0.2978
18760.0000 639 190 0.2973
18761.0000 639 191 0.2989
18792.0000 640 191 0.2984
18823.5000 640 192 0.3000
18824.0000 641 192 0.2995
18839.0000 641 193 0.3011
18858.0000 642 193 0.3006
18880.0000 642 194 0.3022
18884.0000 643 194 0.3017
18899.5000 643 195 0.3033
18910.0000 644 195 0.3028
18939.0000 645 195 0.3023
18971.0000 646 195 0.3019
18996.0000 647 195 0.3014
19006.5000 647 196 0.3029
19030.0000 648 196 0.3025
19064.0000 649 196 0.3020
19094.0000 650 196 0.3015
19121.0000 651 196 0.3011
19151.0000 652 196 0.3006
19182.0000 653 196 0.3002
19216.0000 654 196 0.2997
19247.0000 655 196 0.2992
19274.0000 656 196 0.2988
19302.0000 657 196 0.2983
19329.0000 658 196 0.2979
19357.0000 659 196 0.2974
19384.0000 660 196 0.2970
19409.0000 661 196 0.2965
19420.0000 661 197 0.2980
19442.0000 662 197 0.2976
19472.0000 663 197 0.2971
19501.0000 664 197 0.2967
19532.0000 665 197 0.2962
19563.0000 666 197 0.2958
19580.5000 666 198 0.2973
19586.0000 666 199 0.2988
19595.0000 667 199 0.2984
19628.0000 668 199 0.2979
19660.0000 669 199 0.2975
19688.0000 670 199 0.2970
19721.0000 671 199 0.2966
19755.0000 672 199 0.2961
19780.0000 673 199 0.2957
19814.0000 674 199 0.2953
19842.0000 675 199 0.2948
19876.0000 676 199 0.2944
19910.0000 677 199 0.2939
19937.0000 678 199 0.2935
19970.0000 679 199 0.2931
19998.0000 680 199 0.2926
20023.0000 681 199 0.2922
20052.5000 681 200 0.2937
20055.0000 682 200 0.2933
20082.0000 683 200 0.2928
20116.0000 684 200 0.2924
20148.0000 685 200 0.2920
20159.5000 685 201 0.2934
20160.5000 685 202 0.2949
20174.0000 686 202 0.2945
20174.5000 686 203 0.2959
20188.0000 686 204 0.2974
20205.0000 687 204 0.2969
20236.0000 688 204 0.2965
20261.0000 689 204 0.2961
20291.0000 690 204 0.2957
20320.0000 691 204 0.2952
20345.0000 692 204 0.2948
20376.0000 693 204 0.2944
20407.0000 694 204 0.2939
20437.0000 695 204 0.2935
20462.0000 696 204 0.2931
20463.5000 696 205 0.2945
20496.0000 697 205 0.2941
20511.0000 697 206 0.2956
20526.0000 698 206 0.2951
20553.0000 699 206 0.2947
20557.5000 699 207 0.2961
20584.0000 700 207 0.2957
20610.0000 701 207 0.2953
20641.0000 702 207 0.2949
20674.0000 703 207 0.2945
20706.0000 704 207 0.2940
20737.0000 705 207 0.2936
20767.0000 706 207 0.2932
20798.0000 707 207 0.2928
20817.0000 707 208 0.2942
20830.0000 708 208 0.2938
20855.0000 709 208 0.2934
20889.0000 710 208 0.2930
20917.0000 711 208 0.2925
20944.0000 712 208 0.2921
20975.0000 713 208 0.2917
21009.0000 714 208 0.2913
21040.0000 715 208 0.2909
21065.0000 716 208 0.2905
21090.0000 717 208 0.2901
21116.0000 718 208 0.2897
21150.0000 719 208 0.2893
21180.0000 720 208 0.2889
21209.0000 721 208 0.2885
21237.0000 722 208 0.2881
21268.0000 723 208 0.2877
21268.5000 723 209 0.2891
21298.0000 724 209 0.2887
21330.0000 725 209 0.2883
21359.0000 726 209 0.2879
21387.0000 727 209 0.2875
21394.0000 727 210 0.2889
21416.0000 728 210 0.2885
21446.0000 729 210 0.2881
21476.0000 730 210 0.2877
21498.0000 730 211 0.2890
21508.0000 731 211 0.2886
21537.0000 732 211 0.2883
21563.0000 733 211 0.2879
21594.0000 734 211 0.2875
21619.0000 735 211 0.2871
21648.0000 736 211 0.2867
21680.0000 737 211 0.2863
21704.0000 737 212 0.2877
21704.0000 737 213 0.2890
21712.0000 738 213 0.2886
21739.0000 739 213 0.2882
21744.0000 739 214 0.2896
21770.0000 740 214 0.2892
21797.0000 741 214 0.2888
21826.0000 742 214 0.2884
21854.0000 743 214 0.2880
21885.0000 744 214 0.2876
21919.0000 745 214 0.2872
21944.0000 746 214 0.2869
21973.0000 747 214 0.2865
21999.0000 748 214 0.2861
22031.0000 749 214 0.2857
22062.0000 750 214 0.2853
22091.5000 750 215 0.2867
22095.0000 751 215 0.2863
22128.0000 752 215 0.2859
22153.0000 753 215 0.2855
22168.5000 753 216 0.2869
22182.0000 754 216 0.2865
22215.0000 755 216 0.2861
22240.0000 756 216 0.2857
22251.0000 756 217 0.2870
22273.0000 757 217 0.2867
22306.0000 758 217 0.2863
22337.0000 759 217 0.2859
22369.0000 760 217 0.2855
22403.0000 761 217 0.2852
22435.0000 762 217 0.2848
22465.0000 763 217 0.2844
22499.0000 764 217 0.2840
22525.0000 765 217 0.2837
22531.5000 765 218 0.2850
22544.5000 765 219 0.2863
22546.0000 765 220 0.2876
22558.0000 766 220 0.2872
22591.0000 767 220 0.2868
22592.5000 767 221 0.2881
22617.0000 768 221 0.2878
22643.0000 769 221 0.2874
22660.5000 769 222 0.2887
22675.0000 770 222 0.2883
22702.0000 771 222 0.2879
22733.0000 772 222 0.2876
22733.0000 772 223 0.2889
22734.5000 772 224 0.2902
22761.0000 773 224 0.2898
22788.0000 774 224 0.2894
22822.0000 775 224 0.2890
22824.5000 775 225 0.2903
22847.0000 776 225 0.2899
22880.0000 777 225 0.2896
22909.0000 778 225 0.2892
22937.0000 779 225 0.2888
22968.0000 779 226 0.2901
22969.0000 780 226 0.2897
23001.0000 781 226 0.2894
23031.0000 782 226 0.2890
23062.0000 783 226 0.2886
23094.0000 784 226 0.2883
23122.0000 785 226 0.2879
23156.0000 786 226 0.2875
23188.0000 787 226 0.2872
23196.5000 787 227 0.2884
23214.0000 788 227 0.2881
23238.0000 788 228 0.2893
23246.0000 789 228 0.2890
23278.0000 790 228 0.2886
23294.0000 790 229 0.2899
23307.0000 791 229 0.2895
23332.0000 792 229 0.2891
23366.0000 793 229 0.2888
23368.0000 793 230 0.2900
23397.0000 794 230 0.2897
23431.0000 795 230 0.2893
23464.0000 796 230 0.2889
23494.0000 797 230 0.2886
23523.0000 798 230 0.2882
23554.0000 799 230 0.2879
23583.0000 800 230 0.2875
23603.0000 800 231 0.2888
23614.0000 801 231 0.2884
23648.0000 802 231 0.2880
23673.0000 803 231 0.2877
23699.0000 804 231 0.2873
23725.0000 805 231 0.2870
23736.0000 805 232 0.2882
23758.0000 806 232 0.2878
23787.0000 807 232 0.2875
23820.0000 808 232 0.2871
23852.0000 809 232 0.2868
23885.0000 810 232 0.2864
23915.0000 811 232 0.2861
23944.0000 812 232 0.2857
23973.0000 813 232 0.2854
24001.0000 814 232 0.2850
24035.0000 815 232 0.2847
24060.0000 816 232 0.2843
24093.0000 817 232 0.2840
24126.0000 818 232 0.2836
24155.0000 819 232 0.2833
24185.0000 820 232 0.2829
24219.0000 821 232 0.2826
24252.0000 822 232 0.2822
24281.0000 823 232 0.2819
24307.0000 824 232 0.2816
24332.0000 825 232 0.2812
24366.0000 826 232 0.2809
24396.0000 827 232 0.2805
24398.0000 827 233 0.2817
24412.5000 827 234 0.2830
24430.0000 828 234 0.2826
24464.0000 829 234 0.2823
24495.0000 830 234 0.2819
24515.5000 830 235 0.2831
24527.0000 831 235 0.2828
24560.0000 832 235 0.2825
24594.0000 833 235 0.2821
24621.0000 834 235 0.2818
24649.0000 835 235 0.2814
24681.0000 836 235 0.2811
24708.0000 837 235 0.2808
24733.0000 838 235 0.2804
24759.0000 839 235 0.2801
24777.5000 839 236 0.2813
24778.5000 839 237 0.2825
24782.0000 839 238 0.2837
24785.0000 840 238 0.2833
24816.0000 841 238 0.2830
24842.0000 842 238 0.2827
24847.5000 842 239 0.2838
24867.0000 843 239 0.2835
24901.0000 844 239 0.2832
24934.0000 845 239 0.2828
24959.0000 846 239 0.2825
24993.0000 847 239 0.2822
25026.0000 848 239 0.2818
25058.0000 849 239 0.2815
25092.0000 850 239 0.2812
25117.0000 851 239 0.2808
25149.0000 852 239 0.2805
25149.5000 852 240 0.2817
25180.0000 853 240 0.2814
25207.0000 854 240 0.2810
25241.0000 855 240 0.2807
25266.0000 856 240 0.2804
25295.0000 857 240 0.2800
25327.0000 858 240 0.2797
25353.0000 859 240 0.2794
25387.0000 860 240 0.2791
25416.0000 861 240 0.2787
25434.0000 861 241 0.2799
25441.0000 862 241 0.2796
25474.0000 863 241 0.2793
25503.0000 864 241 0.2789
25535.0000 865 241 0.2786
25544.0000 865 242 0.2798
25563.0000 866 242 0.2794
25590.0000 867 242 0.2791
25616.0000 868 242 0.2788
25627.5000 868 243 0.2800
25649.0000 869 243 0.2796
25679.0000 870 243 0.2793
25708.0000 871 243 0.2790
25735.0000 872 243 0.2787
25765.0000 873 243 0.2784
25795.0000 874 243 0.2780
25817.5000 874 244 0.2792
25826.0000 875 244 0.2789
25852.0000 876 244 0.2785
25865.0000 876 245 0.2797
25885.0000 877 245 0.2794
25914.0000 878 245 0.2790
25943.0000 879 245 0.2787
25970.0000 880 245 0.2784
25994.5000 880 246 0.2795
26003.0000 881 246 0.2792
26029.0000 882 246 0.2789
26062.0000 883 246 0.2786
26096.0000 884 246 0.2783
26100.5000 884 247 0.2794
26125.0000 885 247 0.2791
26151.0000 886 247 0.2788
26183.0000 887 247 0.2785
26201.5000 887 248 0.2796
26209.0000 888 248 0.2793
26243.0000 889 248 0.2790
26243.5000 889 249 0.2801
26268.0000 890 249 0.2798
26293.0000 891 249 0.2795
26321.0000 892 249 0.2791
26354.0000 893 249 0.2788
26379.0000 894 249 0.2785
26413.0000 895 249 0.2782
26439.0000 896 249 0.2779
26471.0000 897 249 0.2776
26505.0000 898 249 0.2773
26536.0000 899 249 0.2770
26542.0000 899 250 0.2781
26570.0000 900 250 0.2778
26596.0000 901 250 0.2775
26629.0000 902 250 0.2772
26655.0000 903 250 0.2769
26684.0000 904 250 0.2765
26713.0000 905 250 0.2762
26738.0000 906 250 0.2759
26764.0000 907 250 0.2756
26790.0000 908 250 0.2753
26817.5000 908 251 0.2764
26820.0000 909 251 0.2761
26854.0000 910 251 0.2758
26882.0000 911 251 0.2755
26912.0000 912 251 0.2752
26942.0000 913 251 0.2749
26974.0000 914 251 0.2746
27007.0000 915 251 0.2743
27033.0000 916 251 0.2740
27067.0000 917 251 0.2737
27097.0000 918 251 0.2734
27124.0000 919 251 0.2731
27152.0000 920 251 0.2728
27152.5000 920 252 0.2739
27184.0000 921 252 0.2736
27212.0000 922 252 0.2733
27240.0000 923 252 0.2730
27267.0000 924 252 0.2727
27267.5000 924 253 0.2738
27293.5000 924 254 0.2749
27294.0000 925 254 0.2746
27326.0000 926 254 0.2743
27356.0000 927 254 0.2740
27389.0000 928 254 0.2737
27416.0000 929 254 0.2734
27441.0000 930 254 0.2731
27471.0000 931 254 0.2728
27504.0000 932 254 0.2725
27526.0000 932 255 0.2736
27537.0000 933 255 0.2733
27566.0000 934 255 0.2730
27573.5000 934 256 0.2741
27595.0000 935 256 0.2738
27626.0000 936 256 0.2735
27655.0000 937 256 0.2732
27686.0000 938 256 0.2729
27693.0000 938 257 0.2740
27710.0000 938 258 0.2751
27714.0000 939 258 0.2748
27731.0000 939 259 0.2758
27732.0000 939 260 0.2769
27744.0000 940 260 0.2766
27771.0000 941 260 0.2763
27796.0000 942 260 0.2760
27814.5000 942 261 0.2771
27830.0000 943 261 0.2768
27863.0000 944 261 0.2765
27888.0000 945 261 0.2762
27893.5000 945 262 0.2772
27912.5000 945 263 0.2783
27918.5000 945 264 0.2794
27920.0000 946 264 0.2791
27952.0000 947 264 0.2788
27979.0000 948 264 0.2785
28004.0000 949 264 0.2782
28030.0000 950 264 0.2779
28031.0000 950 265 0.2789
28062.0000 951 265 0.2787
28089.0000 952 265 0.2784
28119.0000 953 265 0.2781
28145.0000 954 265 0.2778
28171.0000 955 265 0.2775
28198.0000 956 265 0.2772
28228.0000 957 265 0.2769
28257.0000 958 265 0.2766
28291.0000 959 265 0.2763
28322.0000 960 265 0.2760
28348.0000 961 265 0.2758
28379.0000 962 265 0.2755
28410.0000 963 265 0.2752
28444.0000 964 265 0.2749
28477.0000 965 265 0.2746
28511.0000 966 265 0.2743
28543.0000 967 265 0.2740
28568.0000 967 266 0.2751
28577.0000 968 266 0.2748
28606.0000 969 266 0.2745
28633.0000 970 266 0.2742
28661.0000 971 266 0.2739
28695.0000 972 266 0.2737
28727.0000 973 266 0.2734
28755.0000 974 266 0.2731
28764.0000 974 267 0.2741
28788.0000 975 267 0.2738
28813.0000 976 267 0.2736
28841.0000 977 267 0.2733
28875.0000 978 267 0.2730
28906.0000 979 267 0.2727
28915.5000 979 268 0.2737
28936.0000 980 268 0.2735
28967.5000 980 269 0.2745
28969.0000 981 269 0.2742
28996.0000 982 269 0.2739
29024.0000 983 269 0.2737
29044.5000 983 270 0.2747
29058.0000 984 270 0.2744
29086.0000 985 270 0.2741
29116.0000 986 270 0.2738
29150.0000 987 270 0.2736
29178.0000 988 270 0.2733
29211.0000 989 270 0.2730
29241.0000 990 270 0.2727
29259.5000 990 271 0.2737
29273.0000 991 271 0.2735
29302.0000 992 271 0.2732
29328.0000 993 271 0.2729
29362.0000 994 271 0.2726
29389.0000 995 271 0.2724
29416.0000 996 271 0.2721
29445.0000 997 271 0.2718
29477.0000 998 271 0.2715
29503.0000 999 271 0.2713
29516.0000 999 272 0.2723
29517.0000 999 273 0.2733
29533.0000 1000 273 0.2730
29549.0000 1000 274 0.2740
29560.0000 1001 274 0.2737
29561.0000 1001 275 0.2747
29591.0000 1002 275 0.2745
29620.0000 1003 275 0.2742
29625.0000 1003 276 0.2752
29629.5000 1003 277 0.2762
29630.5000 1003 278 0.2772
29643.0000 1003 279 0.2782
29644.5000 1003 280 0.2792
29650.0000 1004 280 0.2789
29680.0000 1005 280 0.2786
29705.0000 1006 280 0.2783
29732.0000 1007 280 0.2781
29765.0000 1008 280 0.2778
29795.0000 1009 280 0.2775
29826.0000 1010 280 0.2772
29826.0000 1010 281 0.2782
29827.5000 1010 282 0.2792
29856.0000 1011 282 0.2789
29881.0000 1012 282 0.2787
29914.0000 1013 282 0.2784
29944.0000 1014 282 0.2781
29975.0000 1015 282 0.2778
30007.0000 1016 282 0.2776
30033.0000 1017 282 0.2773
30067.0000 1018 282 0.2770
30101.0000 1019 282 0.2767
30134.0000 1020 282 0.2765
30167.0000 1021 282 0.2762
30192.0000 1022 282 0.2759
30226.0000 1023 282 0.2757
30260.0000 1024 282 0.2754
30288.0000 1025 282 0.2751
30297.5000 1025 283 0.2761
30318.0000 1026 283 0.2758
30352.0000 1027 283 0.2756
30385.0000 1028 283 0.2753
30412.0000 1029 283 0.2750
30446.0000 1030 283 0.2748
30475.0000 1031 283 0.2745
30503.0000 1032 283 0.2742
30504.0000 1032 284 0.2752
30536.0000 1033 284 0.2749
30569.0000 1034 284 0.2747
30594.0000 1035 284 0.2744
30604.0000 1035 285 0.2754
30623.0000 1036 285 0.2751
30648.0000 1037 285 0.2748
30680.0000 1038 285 0.2746
30707.0000 1039 285 0.2743
30735.0000 1040 285 0.2740
30769.0000 1041 285 0.2738
30802.0000 1042 285 0.2735
30811.5000 1042 286 0.2745
30831.0000 1043 286 0.2742
30831.5000 1043 287 0.2752
30857.0000 1044 287 0.2749
30890.0000 1045 287 0.2746
30921.0000 1046 287 0.2744
30950.0000 1047 287 0.2741
30982.0000 1048 287 0.2739
31013.0000 1049 287 0.2736
31035.5000 1049 288 0.2745
31043.0000 1050 288 0.2743
31076.0000 1051 288 0.2740
31105.0000 1052 288 0.2738
31120.5000 1052 289 0.2747
31139.0000 1053 289 0.2745
31172.0000 1054 289 0.2742
31198.0000 1055 289 0.2739
31209.0000 1055 290 0.2749
31228.0000 1056 290 0.2746
31255.0000 1057 290 0.2744
31289.0000 1058 290 0.2741
31292.0000 1058 291 0.2750
31319.0000 1059 291 0.2748
31353.0000 1060 291 0.2745
31379.0000 1061 291 0.2743
31408.0000 1062 291 0.2740
31436.0000 1063 291 0.2738
31464.0000 1064 291 0.2735
31464.5000 1064 292 0.2744
31489.0000 1065 292 0.2742
31507.5000 1065 293 0.2751
31519.0000 1066 293 0.2749
31552.0000 1067 293 0.2746
31577.0000 1068 293 0.2743
31602.0000 1069 293 0.2741
31614.0000 1069 294 0.2750
31631.0000 1070 294 0.2748
31663.0000 1071 294 0.2745
31697.0000 1072 294 0.2743
31728.0000 1073 294 0.2740
31755.0000 1074 294 0.2737
31784.5000 1074 295 0.2747
31785.0000 1075 295 0.2744
31814.0000 1076 295 0.2742
31839.0000 1077 295 0.2739
31872.0000 1078 295 0.2737
31873.5000 1078 296 0.2746
31906.0000 1079 296 0.2743
31934.0000 1080 296 0.2741
31961.0000 1081 296 0.2738
31973.5000 1081 297 0.2747
31991.0000 1082 297 0.2745
32018.0000 1083 297 0.2742
32045.0000 1084 297 0.2740
32078.0000 1085 297 0.2737
32105.0000 1086 297 0.2735
32136.0000 1087 297 0.2732
32169.0000 1088 297 0.2730
32197.0000 1089 297 0.2727
32228.0000 1090 297 0.2725
32258.0000 1091 297 0.2722
32259.5000 1091 298 0.2731
32264.0000 1091 299 0.2741
32286.0000 1092 299 0.2738
32320.0000 1093 299 0.2736
32346.0000 1094 299 0.2733
32376.0000 1095 299 0.2731
32376.5000 1095 300 0.2740
32403.0000 1096 300 0.2737
32406.5000 1096 301 0.2746
32414.5000 1096 302 0.2755
32433.0000 1097 302 0.2753
32459.0000 1098 302 0.2750
32459.0000 1098 303 0.2760
32493.0000 1099 303 0.2757
32493.0000 1099 304 0.2766
32526.0000 1100 304 0.2764
32543.0000 1100 305 0.2773
32557.0000 1101 305 0.2770
32566.0000 1101 306 0.2779
32587.0000 1102 306 0.2777
32613.0000 1102 307 0.2786
32616.0000 1103 307 0.2783
32643.0000 1104 307 0.2781
32654.0000 1104 308 0.2790
32654.5000 1104 309 0.2799
32672.0000 1105 309 0.2796
32679.0000 1105 310 0.2805
32703.0000 1106 310 0.2803
32710.0000 1106 311 0.2812
32734.0000 1107 311 0.2809
32736.0000 1107 312 0.2818
32750.0000 1107 313 0.2827
32763.0000 1108 313 0.2825
32797.0000 1109 313 0.2822
32808.0000 1109 314 0.2831
32812.0000 1109 315 0.2840
32821.0000 1109 316 0.2849
32821.5000 1109 317 0.2858
32826.0000 1110 317 0.2856
32855.0000 1111 317 0.2853
32888.0000 1112 317 0.2851
32913.0000 1113 317 0.2848
32941.0000 1114 317 0.2846
32970.0000 1115 317 0.2843
32995.0000 1116 317 0.2841
33025.0000 1117 317 0.2838
33025.5000 1117 318 0.2847
33057.0000 1118 318 0.2844
33086.0000 1119 318 0.2842
33113.0000 1120 318 0.2839
33114.0000 1120 319 0.2848
33114.5000 1120 320 0.2857
33115.0000 1120 321 0.2866
33132.5000 1120 322 0.2875
33134.5000 1120 323 0.2884
33135.0000 1120 324 0.2893
33139.0000 1121 324 0.2890
33144.0000 1121 325 0.2899
33165.0000 1122 325 0.2897
33196.0000 1123 325 0.2894
33229.0000 1124 325 0.2891
33239.5000 1124 326 0.2900
33241.0000 1124 327 0.2909
33261.0000 1125 327 0.2907
33288.0000 1126 327 0.2904
33318.0000 1127 327 0.2902
33349.0000 1128 327 0.2899
33375.0000 1129 327 0.2896
33400.0000 1130 327 0.2894
33426.0000 1131 327 0.2891
33459.0000 1132 327 0.2889
33493.0000 1133 327 0.2886
33522.0000 1134 327 0.2884
33556.0000 1135 327 0.2881
33583.0000 1136 327 0.2879
33608.0000 1137 327 0.2876
33635.0000 1138 327 0.2873
33662.0000 1139 327 0.2871
33690.0000 1140 327 0.2868
33723.0000 1141 327 0.2866
33755.0000 1142 327 0.2863
33783.0000 1143 327 0.2861
33813.0000 1144 327 0.2858
33824.5000 1144 328 0.2867
33838.0000 1145 328 0.2865
33865.0000 1146 328 0.2862
33893.0000 1147 328 0.2860
33921.0000 1148 328 0.2857
33953.0000 1149 328 0.2855
33983.0000 1150 328 0.2852
33996.0000 1150 329 0.2861
34008.0000 1151 329 0.2858
34010.0000 1151 330 0.2867
34013.0000 1151 331 0.2876
34037.0000 1152 331 0.2873
34063.0000 1153 331 0.2871
34095.0000 1153 332 0.2879
34096.0000 1154 332 0.2877
34099.5000 1154 333 0.2886
34128.0000 1155 333 0.2883
34130.0000 1155 334 0.2892
34160.0000 1156 334 0.2889
34165.0000 1156 335 0.2898
34193.0000 1157 335 0.2895
34205.5000 1157 336 0.2904
34226.0000 1158 336 0.2902
34253.0000 1159 336 0.2899
34279.0000 1160 336 0.2897
34303.0000 1160 337 0.2905
34303.0000 1160 338 0.2914
34309.0000 1161 338 0.2911
34337.0000 1161 339 0.2920
34337.5000 1161 340 0.2929
34338.0000 1161 341 0.2937
34343.0000 1162 341 0.2935
34356.5000 1162 342 0.2943
34371.0000 1163 342 0.2941
34403.0000 1164 342 0.2938
34434.0000 1165 342 0.2936
34459.0000 1166 342 0.2933
34488.0000 1167 342 0.2931
34521.0000 1168 342 0.2928
34552.0000 1169 342 0.2926
34569.5000 1169 343 0.2934
34578.0000 1170 343 0.2932
34610.0000 1171 343 0.2929
34640.0000 1172 343 0.2927
34669.0000 1173 343 0.2924
34694.0000 1174 343 0.2922
34722.0000 1175 343 0.2919
34756.0000 1176 343 0.2917
34763.5000 1176 344 0.2925
34782.0000 1177 344 0.2923
34807.0000 1178 344 0.2920
34840.0000 1179 344 0.2918
34840.0000 1179 345 0.2926
34869.0000 1180 345 0.2924
34880.0000 1180 346 0.2932
34895.0000 1181 346 0.2930
34918.0000 1181 347 0.2938
34918.5000 1181 348 0.2947
34919.0000 1181 349 0.2955
34919.5000 1181 350 0.2964
34920.0000 1182 350 0.2961
34952.0000 1183 350 0.2959
34985.0000 1184 350 0.2956
35012.0000 1185 350 0.2954
35030.0000 1185 351 0.2962
35042.0000 1186 351 0.2960
35074.0000 1187 351 0.2957
35105.0000 1188 351 0.2955
35139.0000 1189 351 0.2952
35166.0000 1189 352 0.2960
35173.0000 1190 352 0.2958
35192.5000 1190 353 0.2966
35203.0000 1191 353 0.2964
35224.5000 1191 354 0.2972
35234.0000 1192 354 0.2970
35262.0000 1193 354 0.2967
35289.0000 1194 354 0.2965
35323.0000 1195 354 0.2962
35344.0000 1195 355 0.2971
35351.0000 1196 355 0.2968
35380.0000 1197 355 0.2966
35414.0000 1198 355 0.2963
35436.5000 1198 356 0.2972
35441.0000 1199 356 0.2969
35475.0000 1200 356 0.2967
35488.5000 1200 357 0.2975
35494.5000 1200 358 0.2983
35495.5000 1200 359 0.2992
35497.0000 1200 360 0.3000
35503.0000 1201 360 0.2998
35533.0000 1202 360 0.2995
35564.0000 1203 360 0.2993
35590.0000 1204 360 0.2990
35615.0000 1205 360 0.2988
35632.5000 1205 361 0.2996
35640.0000 1206 361 0.2993
35672.0000 1207 361 0.2991
35701.0000 1208 361 0.2988
35726.0000 1209 361 0.2986
35735.0000 1209 362 0.2994
35755.0000 1210 362 0.2992
35783.0000 1211 362 0.2989
35813.0000 1212 362 0.2987
35842.0000 1213 362 0.2984
35872.0000 1214 362 0.2982
35906.0000 1215 362 0.2979
35912.5000 1215 363 0.2988
35913.5000 1215 364 0.2996
35935.0000 1216 364 0.2993
35962.0000 1217 364 0.2991
35963.0000 1217 365 0.2999
35994.5000 1217 366 0.3007
35996.0000 1218 366 0.3005
36022.5000 1218 367 0.3013
36027.0000 1219 367 0.3011
36043.5000 1219 368 0.3019
36059.0000 1220 368 0.3016
36088.0000 1221 368 0.3014
36100.0000 1221 369 0.3022
36114.0000 1222 369 0.3020
36139.0000 1223 369 0.3017
36172.0000 1224 369 0.3015
36201.0000 1225 369 0.3012
36227.0000 1226 369 0.3010
36261.0000 1227 369 0.3007
36287.0000 1228 369 0.3005
36309.0000 1228 370 0.3013
36318.0000 1229 370 0.3011
36328.5000 1229 371 0.3019
36352.0000 1230 371 0.3016
36352.0000 1230 372 0.3024
36359.0000 1230 373 0.3033
36366.5000 1230 374 0.3041
36369.5000 1230 375 0.3049
36380.0000 1231 375 0.3046
36382.5000 1231 376 0.3054
36411.0000 1232 376 0.3052
36418.5000 1232 377 0.3060
36442.0000 1233 377 0.3058
36444.0000 1233 378 0.3066
36472.0000 1234 378 0.3063
36498.0000 1235 378 0.3061
36525.0000 1236 378 0.3058
36559.0000 1237 378 0.3056
36589.0000 1238 378 0.3053
36617.0000 1239 378 0.3051
36647.0000 1240 378 0.3048
36677.0000 1241 378 0.3046
36710.0000 1242 378 0.3043
36740.0000 1243 378 0.3041
36765.0000 1244 378 0.3039
36790.0000 1245 378 0.3036
36802.0000 1245 379 0.3044
36820.0000 1246 379 0.3042
36848.0000 1247 379 0.3039
36876.0000 1248 379 0.3037
36876.5000 1248 380 0.3045
36893.5000 1248 381 0.3053
36910.0000 1249 381 0.3050
36931.0000 1249 382 0.3058
36939.0000 1250 382 0.3056
36951.0000 1250 383 0.3064
36953.5000 1250 384 0.3072
36968.0000 1251 384 0.3070
36979.0000 1251 385 0.3078
36997.0000 1252 385 0.3075
36997.0000 1252 386 0.3083
36997.5000 1252 387 0.3091
37023.0000 1253 387 0.3089
37055.0000 1254 387 0.3086
37084.0000 1255 387 0.3084
37114.0000 1256 387 0.3081
37145.0000 1257 387 0.3079
37146.0000 1257 388 0.3087
37179.0000 1258 388 0.3084
37208.0000 1259 388 0.3082
37239.0000 1260 388 0.3079
37270.0000 1261 388 0.3077
37296.5000 1261 389 0.3085
37303.0000 1262 389 0.3082
37333.0000 1263 389 0.3080
37362.0000 1264 389 0.3078
37392.0000 1265 389 0.3075
37403.5000 1265 390 0.3083
37426.0000 1266 390 0.3081
37456.0000 1267 390 0.3078
37489.0000 1268 390 0.3076
37519.0000 1269 390 0.3073
37546.0000 1270 390 0.3071
37561.0000 1270 391 0.3079
37571.0000 1271 391 0.3076
37598.0000 1272 391 0.3074
37624.0000 1273 391 0.3071
37650.0000 1274 391 0.3069
37661.5000 1274 392 0.3077
37684.0000 1275 392 0.3075
37713.0000 1276 392 0.3072
37747.0000 1277 392 0.3070
37779.0000 1278 392 0.3067
37811.0000 1279 392 0.3065
37838.0000 1280 392 0.3063
37869.0000 1281 392 0.3060
37895.0000 1282 392 0.3058
37922.0000 1283 392 0.3055
37947.0000 1284 392 0.3053
37958.0000 1284 393 0.3061
37973.0000 1285 393 0.3058
37985.0000 1285 394 0.3066
37999.0000 1286 394 0.3064
38010.0000 1286 395 0.3072
38024.0000 1286 396 0.3079
38024.5000 1286 397 0.3087
38032.0000 1287 397 0.3085
38062.0000 1288 397 0.3082
38064.5000 1288 398 0.3090
38095.0000 1289 398 0.3088
38123.0000 1290 398 0.3085
38149.0000 1291 398 0.3083
38152.5000 1291 399 0.3091
38181.0000 1292 399 0.3088
38212.0000 1293 399 0.3086
38243.0000 1294 399 0.3083
38272.0000 1295 399 0.3081
38304.0000 1296 399 0.3079
38320.5000 1296 400 0.3086
38333.0000 1297 400 0.3084
38366.0000 1298 400 0.3082
38391.0000 1299 400 0.3079
38421.0000 1300 400 0.3077
38450.0000 1301 400 0.3075
38469.5000 1301 401 0.3082
38483.0000 1302 401 0.3080
38511.0000 1303 401 0.3078
38536.0000 1304 401 0.3075
38564.0000 1305 401 0.3073
38566.5000 1305 402 0.3080
38591.0000 1306 402 0.3078
38594.0000 1306 403 0.3086
38624.0000 1307 403 0.3083
38651.0000 1308 403 0.3081
38682.0000 1309 403 0.3079
38710.0000 1310 403 0.3076
38738.0000 1311 403 0.3074
38764.0000 1312 403 0.3072
38795.0000 1313 403 0.3069
38823.0000 1314 403 0.3067
38851.0000 1315 403 0.3065
38877.0000 1316 403 0.3062
38904.0000 1317 403 0.3060
38938.0000 1318 403 0.3058
38964.0000 1319 403 0.3055
38998.0000 1320 403 0.3053
39032.0000 1321 403 0.3051
39055.5000 1321 404 0.3058
39057.0000 1322 404 0.3056
39079.5000 1322 405 0.3064
39084.0000 1323 405 0.3061
39084.5000 1323 406 0.3069
39112.0000 1324 406 0.3066
39145.0000 1325 406 0.3064
39171.0000 1326 406 0.3062
39179.0000 1326 407 0.3069
39203.0000 1327 407 0.3067
39230.0000 1328 407 0.3065
39257.0000 1329 407 0.3062
39283.0000 1330 407 0.3060
39308.0000 1331 407 0.3058
39336.0000 1332 407 0.3056
39369.0000 1333 407 0.3053
39396.0000 1334 407 0.3051
39396.5000 1334 408 0.3058
39422.0000 1335 408 0.3056
39448.0000 1336 408 0.3054
39482.0000 1337 408 0.3052
39509.0000 1338 408 0.3049
39535.0000 1339 408 0.3047
39542.5000 1339 409 0.3055
39565.0000 1340 409 0.3052
39598.0000 1341 409 0.3050
39624.0000 1342 409 0.3048
39656.0000 1343 409 0.3045
39671.5000 1343 410 0.3053
39685.0000 1344 410 0.3051
39714.0000 1345 410 0.3048
39741.0000 1346 410 0.3046
39748.5000 1346 411 0.3053
39763.5000 1346 412 0.3061
39775.0000 1347 412 0.3059
39778.5000 1347 413 0.3066
39807.0000 1348 413 0.3064
39822.0000 1348 414 0.3071
39838.0000 1349 414 0.3069
39863.0000 1350 414 0.3067
39897.0000 1351 414 0.3064
39923.0000 1352 414 0.3062
39938.5000 1352 415 0.3070
39949.0000 1353 415 0.3067
39982.0000 1354 415 0.3065
40010.0000 1355 415 0.3063
40011.0000 1355 416 0.3070
40044.0000 1356 416 0.3068
40071.0000 1357 416 0.3066
40103.0000 1358 416 0.3063
40137.0000 1359 416 0.3061
40171.0000 1360 416 0.3059
40198.0000 1361 416 0.3057
40224.0000 1362 416 0.3054
40253.0000 1363 416 0.3052
40287.0000 1364 416 0.3050
40298.5000 1364 417 0.3057
40320.0000 1365 417 0.3055
40350.0000 1366 417 0.3053
40377.0000 1367 417 0.3050
40388.5000 1367 418 0.3058
40409.0000 1368 418 0.3056
40438.5000 1368 419 0.3063
40440.0000 1369 419 0.3061
40471.0000 1370 419 0.3058
40503.0000 1371 419 0.3056
40524.5000 1371 420 0.3063
40535.0000 1372 420 0.3061
40567.0000 1373 420 0.3059
40592.0000 1374 420 0.3057
40626.0000 1375 420 0.3055
40655.0000 1376 420 0.3052
40685.0000 1377 420 0.3050
40710.0000 1378 420 0.3048
40738.0000 1379 420 0.3046
40771.0000 1380 420 0.3043
40796.0000 1381 420 0.3041
40808.0000 1381 421 0.3049
40823.0000 1382 421 0.3046
40849.0000 1383 421 0.3044
40883.0000 1384 421 0.3042
40915.0000 1385 421 0.3040
40948.0000 1386 421 0.3038
40974.0000 1387 421 0.3035
41000.0000 1388 421 0.3033
41026.0000 1389 421 0.3031
41051.0000 1390 421 0.3029
41056.5000 1390 422 0.3036
41057.5000 1390 423 0.3043
41080.0000 1391 423 0.3041
41112.0000 1392 423 0.3039
41143.0000 1393 423 0.3037
41175.0000 1394 423 0.3034
41205.0000 1395 423 0.3032
41236.0000 1396 423 0.3030
41262.0000 1397 423 0.3028
41270.0000 1397 424 0.3035
41290.0000 1398 424 0.3033
41324.0000 1399 424 0.3031
41343.5000 1399 425 0.3038
41353.0000 1400 425 0.3036
41355.5000 1400 426 0.3043
41366.0000 1400 427 0.3050
41379.0000 1401 427 0.3048
41409.0000 1402 427 0.3046
41443.0000 1403 427 0.3043
41469.0000 1404 427 0.3041
41500.0000 1405 427 0.3039
41526.0000 1406 427 0.3037
41552.0000 1407 427 0.3035
41580.0000 1408 427 0.3033
41606.0000 1409 427 0.3031
41629.5000 1409 428 0.3038
41637.0000 1410 428 0.3035
41664.0000 1411 428 0.3033
41691.0000 1412 428 0.3031
41718.0000 1413 428 0.3029
41752.0000 1414 428 0.3027
41752.5000 1414 429 0.3034
41777.0000 1415 429 0.3032
41810.0000 1416 429 0.3030
41837.0000 1417 429 0.3028
41846.0000 1417 430 0.3035
41865.0000 1418 430 0.3032
41874.0000 1418 431 0.3039
41890.0000 1418 432 0.3047
41898.0000 1419 432 0.3044
41906.5000 1419 433 0.3051
41923.0000 1420 433 0.3049
41953.0000 1421 433 0.3047
41983.0000 1422 433 0.3045
42009.0000 1423 433 0.3043
42037.0000 1424 433 0.3041
42046.5000 1424 434 0.3048
42067.0000 1425 434 0.3046
42094.0000 1426 434 0.3043
42097.0000 1426 435 0.3050
42104.0000 1426 436 0.3058
42123.0000 1427 436 0.3055
42125.0000 1427 437 0.3062
42134.0000 1427 438 0.3069
42154.0000 1428 438 0.3067
42169.5000 1428 439 0.3074
42180.0000 1429 439 0.3072
42208.0000 1430 439 0.3070
42238.0000 1431 439 0.3068
42263.0000 1432 439 0.3066
42288.0000 1433 439 0.3064
42314.0000 1434 439 0.3061
42342.0000 1435 439 0.3059
42367.0000 1436 439 0.3057
42394.0000 1437 439 0.3055
42427.0000 1438 439 0.3053
42452.5000 1438 440 0.3060
42460.0000 1439 440 0.3058
42489.0000 1440 440 0.3056
42517.0000 1441 440 0.3053
42547.0000 1442 440 0.3051
42579.0000 1443 440 0.3049
42610.0000 1444 440 0.3047
42642.0000 1445 440 0.3045
42675.0000 1446 440 0.3043
42700.0000 1447 440 0.3041
42727.0000 1448 440 0.3039
42757.0000 1449 440 0.3037
42767.0000 1449 441 0.3043
42783.0000 1450 441 0.3041
42785.0000 1450 442 0.3048
42817.0000 1451 442 0.3046
42843.0000 1452 442 0.3044
42875.0000 1453 442 0.3042
42900.0000 1454 442 0.3040
42925.0000 1455 442 0.3038
42958.0000 1456 442 0.3036
42970.0000 1456 443 0.3043
42986.0000 1457 443 0.3040
43012.0000 1458 443 0.3038
43041.0000 1459 443 0.3036
43068.0000 1460 443 0.3034
43079.0000 1460 444 0.3041
43096.0000 1461 444 0.3039
43126.0000 1462 444 0.3037
43154.0000 1463 444 0.3035
43180.0000 1464 444 0.3033
43181.5000 1464 445 0.3040
43207.0000 1465 445 0.3038
43211.0000 1465 446 0.3044
43239.0000 1466 446 0.3042
43266.0000 1467 446 0.3040
43299.0000 1468 446 0.3038
43324.0000 1468 447 0.3045
43332.0000 1469 447 0.3043
43364.0000 1470 447 0.3041
43389.0000 1471 447 0.3039
43407.0000 1471 448 0.3046
43417.0000 1472 448 0.3043
43423.0000 1472 449 0.3050
43443.0000 1473 449 0.3048
43453.5000 1473 450 0.3055
43456.5000 1473 451 0.3062
43471.5000 1473 452 0.3069
43472.0000 1474 452 0.3066
43502.0000 1475 452 0.3064
43521.5000 1475 453 0.3071
43535.0000 1476 453 0.3069
43566.0000 1477 453 0.3067
43566.5000 1477 454 0.3074
43596.0000 1478 454 0.3072
43630.0000 1479 454 0.3070
43656.0000 1480 454 0.3068
43682.0000 1481 454 0.3065
43707.0000 1482 454 0.3063
43741.0000 1483 454 0.3061
43768.0000 1484 454 0.3059
43798.0000 1485 454 0.3057
43829.5000 1485 455 0.3064
43830.5000 1485 456 0.3071
43831.0000 1486 456 0.3069
43844.0000 1486 457 0.3075
43864.0000 1487 457 0.3073
43879.0000 1487 458 0.3080
43893.0000 1488 458 0.3078
43893.5000 1488 459 0.3085
43898.5000 1488 460 0.3091
43921.0000 1489 460 0.3089
43954.0000 1490 460 0.3087
43988.0000 1491 460 0.3085
44015.0000 1492 460 0.3083
44046.0000 1493 460 0.3081
44077.0000 1494 460 0.3079
44102.0000 1495 460 0.3077
44128.0000 1496 460 0.3075
44155.0000 1497 460 0.3073
44183.0000 1498 460 0.3071
44209.0000 1499 460 0.3069
44241.0000 1500 460 0.3067
44271.5000 1500 461 0.3073
44273.5000 1500 462 0.3080
44274.0000 1501 462 0.3078
44304.0000 1501 463 0.3085
44308.0000 1502 463 0.3083
44334.0000 1503 463 0.3081
44359.0000 1504 463 0.3078
44390.0000 1505 463 0.3076
44424.0000 1506 463 0.3074
44450.0000 1507 463 0.3072
44478.0000 1508 463 0.3070
44497.0000 1508 464 0.3077
44502.0000 1508 465 0.3084
44510.0000 1508 466 0.3090
44511.0000 1509 466 0.3088
44512.0000 1509 467 0.3095
44539.0000 1510 467 0.3093
44566.0000 1511 467 0.3091
44596.0000 1512 467 0.3089
44596.5000 1512 468 0.3095
44625.0000 1513 468 0.3093
44650.0000 1513 469 0.3100
44657.0000 1514 469 0.3098
44686.0000 1515 469 0.3096
44713.0000 1516 469 0.3094
44740.0000 1517 469 0.3092
44772.0000 1518 469 0.3090
44795.5000 1518 470 0.3096
44797.0000 1519 470 0.3094
44826.0000 1520 470 0.3092
44844.5000 1520 471 0.3099
44845.0000 1520 472 0.3105
44852.0000 1521 472 0.3103
44884.0000 1522 472 0.3101
44886.5000 1522 473 0.3108
44887.0000 1522 474 0.3114
44910.0000 1523 474 0.3112
44920.0000 1523 475 0.3119
44936.0000 1524 475 0.3117
44970.0000 1525 475 0.3115
44996.0000 1526 475 0.3113
45028.0000 1527 475 0.3111
45053.0000 1528 475 0.3109
45081.0000 1529 475 0.3107
45105.5000 1529 476 0.3113
45106.0000 1529 477 0.3120
45113.0000 1530 477 0.3118
45139.0000 1531 477 0.3116
45139.5000 1531 478 0.3122
45140.0000 1531 479 0.3129
45166.5000 1531 480 0.3135
45170.0000 1532 480 0.3133
45177.5000 1532 481 0.3140
45180.5000 1532 482 0.3146
45203.0000 1533 482 0.3144
45231.0000 1534 482 0.3142
45257.5000 1534 483 0.3149
45264.0000 1535 483 0.3147
45293.0000 1536 483 0.3145
45327.0000 1537 483 0.3142
45358.0000 1538 483 0.3140
45384.0000 1539 483 0.3138
45414.0000 1540 483 0.3136
45444.0000 1541 483 0.3134
45445.5000 1541 484 0.3141
45460.0000 1541 485 0.3147
45460.5000 1541 486 0.3154
45469.0000 1542 486 0.3152
45470.5000 1542 487 0.3158
45502.0000 1543 487 0.3156
45536.0000 1544 487 0.3154
45537.0000 1544 488 0.3161
45537.5000 1544 489 0.3167
45539.0000 1544 490 0.3174
45567.0000 1545 490 0.3172
45594.0000 1546 490 0.3169
45622.0000 1547 490 0.3167
45654.0000 1548 490 0.3165
45674.0000 1548 491 0.3172
45688.0000 1549 491 0.3170
45713.0000 1550 491 0.3168
45747.0000 1551 491 0.3166
45777.0000 1552 491 0.3164
45808.0000 1553 491 0.3162
45834.0000 1554 491 0.3160
45863.0000 1555 491 0.3158
45892.0000 1556 491 0.3156
45906.5000 1556 492 0.3162
45926.0000 1557 492 0.3160
45943.0000 1557 493 0.3166
45956.0000 1558 493 0.3164
45972.0000 1558 494 0.3171
45983.0000 1559 494 0.3169
46016.0000 1560 494 0.3167
46047.0000 1561 494 0.3165
46075.0000 1562 494 0.3163
46107.0000 1563 494 0.3161
46119.0000 1563 495 0.3167
46134.0000 1564 495 0.3165
46165.0000 1565 495 0.3163
46198.0000 1566 495 0.3161
46229.0000 1567 495 0.3159
46258.0000 1568 495 0.3157
46288.0000 1569 495 0.3155
46314.0000 1570 495 0.3153
46345.0000 1571 495 0.3151
46376.0000 1572 495 0.3149
46409.0000 1573 495 0.3147
46443.0000 1574 495 0.3145
46474.0000 1575 495 0.3143
46503.0000 1576 495 0.3141
46535.0000 1577 495 0.3139
46567.0000 1578 495 0.3137
46599.0000 1579 495 0.3135
46624.0000 1580 495 0.3133
46652.0000 1581 495 0.3131
46685.0000 1582 495 0.3129
46712.0000 1583 495 0.3127
46742.0000 1584 495 0.3125
46772.0000 1585 495 0.3123
46776.5000 1585 496 0.3129
46800.0000 1586 496 0.3127
46832.0000 1587 496 0.3125
46863.0000 1588 496 0.3123
46888.0000 1589 496 0.3121
46915.0000 1590 496 0.3119
46945.0000 1591 496 0.3118
46972.0000 1592 496 0.3116
46997.0000 1593 496 0.3114
47030.0000 1594 496 0.3112
47059.0000 1595 496 0.3110
47092.0000 1596 496 0.3108
47119.0000 1597 496 0.3106
47128.5000 1597 497 0.3112
47137.5000 1597 498 0.3118
47145.0000 1598 498 0.3116
47174.0000 1599 498 0.3114
47199.0000 1600 498 0.3113
47233.0000 1601 498 0.3111
47260.0000 1602 498 0.3109
47262.0000 1602 499 0.3115
47291.0000 1603 499 0.3113
47325.0000 1604 499 0.3111
47356.0000 1605 499 0.3109
47388.0000 1606 499 0.3107
47389.0000 1606 500 0.3113
47418.0000 1607 500 0.3111
47451.0000 1608 500 0.3109
47484.0000 1609 500 0.3108
47516.0000 1610 500 0.3106
47542.0000 1611 500 0.3104
47570.0000 1612 500 0.3102
47596.0000 1613 500 0.3100
47627.0000 1614 500 0.3098
47659.0000 1615 500 0.3096
47684.0000 1615 501 0.3102
47691.0000 1616 501 0.3100
47721.0000 1617 501 0.3098
47750.0000 1618 501 0.3096
47767.5000 1618 502 0.3103
47780.0000 1619 502 0.3101
47811.0000 1620 502 0.3099
47837.0000 1621 502 0.3097
47870.0000 1622 502 0.3095
47898.0000 1623 502 0.3093
47923.0000 1624 502 0.3091
47956.0000 1625 502 0.3089
47984.0000 1626 502 0.3087
48011.0000 1627 502 0.3085
48045.0000 1628 502 0.3084
48056.5000 1628 503 0.3090
48070.0000 1629 503 0.3088
48083.5000 1629 504 0.3094
48099.0000 1630 504 0.3092
48131.0000 1631 504 0.3090
48141.5000 1631 505 0.3096
48158.0000 1632 505 0.3094
48175.5000 1632 506 0.3100
48184.0000 1633 506 0.3099
48217.0000 1634 506 0.3097
48249.0000 1635 506 0.3095
48283.0000 1636 506 0.3093
48312.0000 1637 506 0.3091
48315.5000 1637 507 0.3097
48342.0000 1638 507 0.3095
48375.0000 1639 507 0.3093
48406.0000 1640 507 0.3091
48437.0000 1641 507 0.3090
48465.0000 1642 507 0.3088
48479.5000 1642 508 0.3094
48490.0000 1643 508 0.3092
48510.5000 1643 509 0.3098
48520.0000 1644 509 0.3096
48550.0000 1645 509 0.3094
48575.0000 1646 509 0.3092
48602.0000 1647 509 0.3090
48627.0000 1648 509 0.3089
48656.0000 1649 509 0.3087
48674.5000 1649 510 0.3093
48682.0000 1650 510 0.3091
48699.0000 1650 511 0.3097
48709.0000 1651 511 0.3095
48737.0000 1652 511 0.3093
48765.0000 1653 511 0.3091
48797.0000 1654 511 0.3089
48814.0000 1654 512 0.3096
48830.0000 1655 512 0.3094
48856.0000 1656 512 0.3092
48885.0000 1657 512 0.3090
48918.0000 1658 512 0.3088
48945.0000 1659 512 0.3086
48958.5000 1659 513 0.3092
48970.0000 1660 513 0.3090
48983.0000 1660 514 0.3096
48983.5000 1660 515 0.3102
48995.0000 1661 515 0.3101
49028.0000 1662 515 0.3099
49054.0000 1663 515 0.3097
49082.0000 1664 515 0.3095
49114.0000 1665 515 0.3093
49144.0000 1666 515 0.3091
49169.0000 1667 515 0.3089
49196.0000 1668 515 0.3088
49218.0000 1668 516 0.3094
49226.0000 1669 516 0.3092
49260.0000 1670 516 0.3090
49285.0000 1671 516 0.3088
49285.5000 1671 517 0.3094
49315.0000 1672 517 0.3092
49340.0000 1673 517 0.3090
49362.5000 1673 518 0.3096
49370.0000 1674 518 0.3094
49400.0000 1675 518 0.3093
49430.0000 1676 518 0.3091
49458.0000 1677 518 0.3089
49492.0000 1678 518 0.3087
49525.0000 1679 518 0.3085
49531.0000 1679 519 0.3091
49551.0000 1680 519 0.3089
49579.0000 1681 519 0.3087
49611.0000 1682 519 0.3086
49640.0000 1683 519 0.3084
49663.5000 1683 520 0.3090
49666.0000 1684 520 0.3088
49698.0000 1685 520 0.3086
49723.0000 1686 520 0.3084
49748.0000 1687 520 0.3082
49774.0000 1688 520 0.3081
49806.0000 1689 520 0.3079
49808.5000 1689 521 0.3085
49837.0000 1690 521 0.3083
49865.0000 1691 521 0.3081
49866.0000 1691 522 0.3087
49890.0000 1692 522 0.3085
49911.5000 1692 523 0.3091
49915.0000 1693 523 0.3089
49941.0000 1694 523 0.3087
49972.0000 1695 523 0.3086
50006.0000 1696 523 0.3084
50031.0000 1697 523 0.3082
50064.0000 1698 523 0.3080
50082.5000 1698 524 0.3086
50091.0000 1699 524 0.3084
50118.0000 1700 524 0.3082
50149.0000 1701 524 0.3081
50167.0000 1701 525 0.3086
50167.5000 1701 526 0.3092
50171.5000 1701 527 0.3098
50181.0000 1702 527 0.3096
50211.0000 1703 527 0.3095
50220.0000 1703 528 0.3100
50238.0000 1704 528 0.3099
50247.0000 1704 529 0.3104
50267.0000 1705 529 0.3103
50300.0000 1706 529 0.3101
50326.0000 1707 529 0.3099
50341.5000 1707 530 0.3105
50351.0000 1708 530 0.3103
50374.5000 1708 531 0.3109
50381.0000 1709 531 0.3107
50386.5000 1709 532 0.3113
50413.0000 1710 532 0.3111
50443.0000 1711 532 0.3109
50473.0000 1712 532 0.3107
50503.0000 1713 532 0.3106
50533.0000 1714 532 0.3104
50562.0000 1715 532 0.3102
50562.5000 1715 533 0.3108
50590.0000 1716 533 0.3106
50616.0000 1717 533 0.3104
50641.0000 1718 533 0.3102
50641.5000 1718 534 0.3108
50675.0000 1719 534 0.3106
50688.0000 1719 535 0.3112
50708.0000 1720 535 0.3110
50734.0000 1721 535 0.3109
50741.5000 1721 536 0.3114
50759.0000 1722 536 0.3113
50784.0000 1723 536 0.3111
50811.0000 1724 536 0.3109
50839.0000 1724 537 0.3115
50843.0000 1725 537 0.3113
50863.5000 1725 538 0.3119
50877.0000 1726 538 0.3117
50877.5000 1726 539 0.3123
50909.0000 1727 539 0.3121
50932.5000 1727 540 0.3127
50934.0000 1727 541 0.3133
50940.0000 1728 541 0.3131
50966.0000 1729 541 0.3129
50993.0000 1730 541 0.3127
51019.0000 1731 541 0.3125
51034.0000 1731 542 0.3131
51039.5000 1731 543 0.3137
51049.0000 1732 543 0.3135
51079.0000 1733 543 0.3133
51086.0000 1733 544 0.3139
51105.0000 1734 544 0.3137
51131.0000 1735 544 0.3135
51160.0000 1736 544 0.3134
51186.0000 1737 544 0.3132
51214.0000 1738 544 0.3130
51248.0000 1739 544 0.3128
51278.0000 1740 544 0.3126
51312.0000 1741 544 0.3125
51346.0000 1742 544 0.3123
51380.0000 1743 544 0.3121
51408.5000 1743 545 0.3127
51409.5000 1743 546 0.3133
51413.0000 1744 546 0.3131
51441.0000 1745 546 0.3129
51468.0000 1746 546 0.3127
51477.0000 1746 547 0.3133
51490.5000 1746 548 0.3139
51498.0000 1747 548 0.3137
51524.0000 1748 548 0.3135
51556.0000 1749 548 0.3133
51585.0000 1750 548 0.3131
51611.0000 1751 548 0.3130
51637.0000 1752 548 0.3128
51671.0000 1753 548 0.3126
51700.0000 1754 548 0.3124
51727.0000 1755 548 0.3123
51760.0000 1756 548 0.3121
51788.0000 1757 548 0.3119
51819.0000 1758 548 0.3117
51846.0000 1759 548 0.3115
51876.0000 1760 548 0.3114
51902.0000 1760 549 0.3119
51904.0000 1761 549 0.3118
51926.0000 1761 550 0.3123
51930.0000 1762 550 0.3121
51957.0000 1763 550 0.3120
51991.0000 1764 550 0.3118
52020.0000 1765 550 0.3116
52049.0000 1766 550 0.3114
52082.0000 1767 550 0.3113
52111.0000 1768 550 0.3111
52142.0000 1769 550 0.3109
52173.0000 1770 550 0.3107
52202.0000 1771 550 0.3106
52221.0000 1771 551 0.3111
52232.0000 1772 551 0.3109
52257.0000 1773 551 0.3108
52289.0000 1774 551 0.3106
52316.0000 1775 551 0.3104
52349.0000 1776 551 0.3102
52350.5000 1776 552 0.3108
52364.5000 1776 553 0.3114
52378.0000 1777 553 0.3112
52408.0000 1778 553 0.3110
52435.0000 1779 553 0.3108
52464.0000 1780 553 0.3107
52489.0000 1781 553 0.3105
52495.0000 1781 554 0.3111
52522.0000 1782 554 0.3109
52550.0000 1783 554 0.3107
52576.0000 1784 554 0.3105
52580.5000 1784 555 0.3111
52604.0000 1785 555 0.3109
52636.0000 1786 555 0.3108
52667.0000 1787 555 0.3106
52701.0000 1788 555 0.3104
52732.0000 1789 555 0.3102
52763.0000 1790 555 0.3101
52790.0000 1791 555 0.3099
52795.0000 1791 556 0.3104
52821.0000 1792 556 0.3103
52829.5000 1792 557 0.3108
52855.0000 1793 557 0.3107
52882.0000 1794 557 0.3105
52912.0000 1795 557 0.3103
52938.0000 1796 557 0.3101
52971.0000 1797 557 0.3100
52988.5000 1797 558 0.3105
52999.0000 1798 558 0.3103
53027.0000 1799 558 0.3102
53061.0000 1800 558 0.3100
53092.0000 1801 558 0.3098
53092.5000 1801 559 0.3104
53117.0000 1802 559 0.3102
53145.0000 1803 559 0.3100
53174.0000 1804 559 0.3099
53203.0000 1805 559 0.3097
53209.0000 1805 560 0.3102
53232.0000 1806 560 0.3101
53232.5000 1806 561 0.3106
53260.0000 1807 561 0.3105
53286.0000 1808 561 0.3103
53317.0000 1809 561 0.3101
53348.0000 1810 561 0.3099
53378.0000 1811 561 0.3098
53407.0000 1812 561 0.3096
53437.0000 1813 561 0.3094
53462.0000 1814 561 0.3093
53495.0000 1815 561 0.3091
53527.0000 1816 561 0.3089
53558.0000 1817 561 0.3088
53583.0000 1818 561 0.3086
53610.0000 1819 561 0.3084
53641.0000 1820 561 0.3082
53672.0000 1821 561 0.3081
53705.0000 1822 561 0.3079
53737.0000 1823 561 0.3077
53768.0000 1824 561 0.3076
53797.0000 1825 561 0.3074
53824.0000 1826 561 0.3072
53856.0000 1827 561 0.3071
53881.0000 1828 561 0.3069
53888.0000 1828 562 0.3074
53909.0000 1829 562 0.3073
53941.0000 1830 562 0.3071
53975.0000 1831 562 0.3069
53987.5000 1831 563 0.3075
54009.0000 1832 563 0.3073
54038.0000 1833 563 0.3071
54072.0000 1834 563 0.3070
54100.0000 1835 563 0.3068
54130.0000 1836 563 0.3066
54161.0000 1837 563 0.3065
54193.0000 1838 563 0.3063
54222.0000 1839 563 0.3061
54253.0000 1840 563 0.3060
54278.0000 1841 563 0.3058
54299.5000 1841 564 0.3064
54311.0000 1842 564 0.3062
54342.0000 1843 564 0.3060
54350.0000 1843 565 0.3066
54375.0000 1844 565 0.3064
54401.0000 1845 565 0.3062
54435.0000 1846 565 0.3061
54446.5000 1846 566 0.3066
54467.0000 1847 566 0.3064
54494.0000 1848 566 0.3063
54525.0000 1849 566 0.3061
54557.0000 1850 566 0.3059
54583.0000 1851 566 0.3058
54615.0000 1852 566 0.3056
54640.0000 1853 566 0.3055
54671.0000 1854 566 0.3053
54697.0000 1855 566 0.3051
54724.0000 1856 566 0.3050
54752.0000 1857 566 0.3048
54781.0000 1858 566 0.3046
54806.0000 1859 566 0.3045
54835.0000 1860 566 0.3043
54862.0000 1861 566 0.3041
54862.5000 1861 567 0.3047
54891.0000 1862 567 0.3045
54921.0000 1863 567 0.3043
54949.0000 1864 567 0.3042
54978.0000 1865 567 0.3040
55011.0000 1866 567 0.3039
55043.0000 1867 567 0.3037
55045.5000 1867 568 0.3042
55070.0000 1868 568 0.3041
55104.0000 1869 568 0.3039
55134.0000 1870 568 0.3037
55161.0000 1871 568 0.3036
55193.0000 1872 568 0.3034
55208.5000 1872 569 0.3040
55224.0000 1873 569 0.3038
55251.0000 1874 569 0.3036
55280.0000 1875 569 0.3035
55284.5000 1875 570 0.3040
55286.0000 1875 571 0.3045
55309.0000 1876 571 0.3044
55334.5000 1876 572 0.3049
55337.0000 1877 572 0.3047
55366.0000 1878 572 0.3046
55374.5000 1878 573 0.3051
55391.0000 1879 573 0.3049
55411.0000 1879 574 0.3055
55418.0000 1880 574 0.3053
55448.0000 1881 574 0.3052
55477.0000 1882 574 0.3050
55510.0000 1883 574 0.3048
55540.0000 1884 574 0.3047
55565.0000 1884 575 0.3052
55573.0000 1885 575 0.3050
55599.0000 1886 575 0.3049
55624.0000 1887 575 0.3047
55653.0000 1888 575 0.3046
55687.0000 1889 575 0.3044
55689.5000 1889 576 0.3049
55717.5000 1889 577 0.3055
55718.0000 1890 577 0.3053
55746.0000 1891 577 0.3051
55777.0000 1892 577 0.3050
55807.0000 1893 577 0.3048
55832.0000 1893 578 0.3053
55835.0000 1894 578 0.3052
55868.0000 1895 578 0.3050
55896.0000 1896 578 0.3049
55928.0000 1897 578 0.3047
55959.0000 1898 578 0.3045
55985.0000 1899 578 0.3044
56011.0000 1900 578 0.3042
56036.0000 1901 578 0.3041
56041.0000 1901 579 0.3046
56069.0000 1902 579 0.3044
56092.5000 1902 580 0.3049
56103.0000 1903 580 0.3048
56135.0000 1904 580 0.3046
56162.0000 1905 580 0.3045
56191.0000 1906 580 0.3043
56220.0000 1907 580 0.3041
56249.0000 1908 580 0.3040
56272.5000 1908 581 0.3045
56281.0000 1909 581 0.3043
56289.5000 1909 582 0.3049
56311.0000 1910 582 0.3047
56343.0000 1911 582 0.3046
56343.5000 1911 583 0.3051
56371.0000 1912 583 0.3049
56372.5000 1912 584 0.3054
56402.0000 1913 584 0.3053
56433.0000 1914 584 0.3051
56460.0000 1915 584 0.3050
56487.0000 1916 584 0.3048
56517.0000 1917 584 0.3046
56547.0000 1918 584 0.3045
56578.0000 1919 584 0.3043
56608.0000 1920 584 0.3042
56615.0000 1920 585 0.3047
56638.0000 1921 585 0.3045
56666.5000 1921 586 0.3050
56670.0000 1922 586 0.3049
56698.0000 1923 586 0.3047
56714.0000 1923 587 0.3053
56727.0000 1924 587 0.3051
56759.0000 1925 587 0.3049
56792.0000 1926 587 0.3048
56824.0000 1927 587 0.3046
56832.0000 1927 588 0.3051
56853.0000 1928 588 0.3050
56853.5000 1928 589 0.3055
56856.0000 1928 590 0.3060
56871.0000 1928 591 0.3065
56880.0000 1929 591 0.3064
56893.5000 1929 592 0.3069
56912.0000 1930 592 0.3067
56946.0000 1931 592 0.3066
56961.5000 1931 593 0.3071
56973.0000 1932 593 0.3069
56973.5000 1932 594 0.3075
57000.5000 1932 595 0.3080
57001.0000 1933 595 0.3078
57031.0000 1934 595 0.3077
57057.0000 1935 595 0.3075
57083.0000 1936 595 0.3073
57109.0000 1937 595 0.3072
57141.0000 1938 595 0.3070
57169.0000 1939 595 0.3069
57201.0000 1940 595 0.3067
57229.0000 1941 595 0.3065
57255.0000 1942 595 0.3064
57256.0000 1942 596 0.3069
57260.0000 1942 597 0.3074
57286.0000 1943 597 0.3073
57317.0000 1944 597 0.3071
57344.0000 1945 597 0.3069
57369.0000 1946 597 0.3068
57370.5000 1946 598 0.3073
57395.0000 1947 598 0.3071
57428.0000 1948 598 0.3070
57451.5000 1948 599 0.3075
57459.0000 1949 599 0.3073
57470.5000 1949 600 0.3079
57486.0000 1950 600 0.3077
57519.0000 1951 600 0.3075
57544.0000 1952 600 0.3074
57576.0000 1953 600 0.3072
