# messageDelay  cumulativeProbability
0.5000 0.0005
0.5000 0.0010
0.5000 0.0015
0.5000 0.0020
0.5000 0.0026
0.5000 0.0031
0.5000 0.0036
0.5000 0.0041
0.5000 0.0046
0.5000 0.0051
0.5000 0.0056
0.5000 0.0061
0.5000 0.0067
0.5000 0.0072
0.5000 0.0077
0.5000 0.0082
0.5000 0.0087
0.5000 0.0092
0.5000 0.0097
0.5000 0.0102
0.5000 0.0108
0.5000 0.0113
0.5000 0.0118
0.5000 0.0123
0.5000 0.0128
0.5000 0.0133
0.5000 0.0138
0.5000 0.0143
0.5000 0.0148
0.5000 0.0154
0.5000 0.0159
0.5000 0.0164
0.5000 0.0169
0.5000 0.0174
0.5000 0.0179
0.5000 0.0184
1.0000 0.0189
1.0000 0.0195
1.0000 0.0200
1.0000 0.0205
1.0000 0.0210
1.0000 0.0215
1.0000 0.0220
1.0000 0.0225
1.0000 0.0230
1.5000 0.0236
1.5000 0.0241
1.5000 0.0246
1.5000 0.0251
1.5000 0.0256
1.5000 0.0261
2.0000 0.0266
2.0000 0.0271
2.0000 0.0276
2.0000 0.0282
2.5000 0.0287
2.5000 0.0292
2.5000 0.0297
2.5000 0.0302
2.5000 0.0307
2.5000 0.0312
2.5000 0.0317
2.5000 0.0323
5.0000 0.0328
22.5000 0.0333
38.5000 0.0338
42.5000 0.0343
92.0000 0.0348
103.5000 0.0353
109.5000 0.0358
110.5000 0.0364
133.0000 0.0369
141.0000 0.0374
141.0000 0.0379
142.0000 0.0384
150.5000 0.0389
179.0000 0.0394
185.0000 0.0399
201.5000 0.0405
235.5000 0.0410
238.0000 0.0415
241.0000 0.0420
245.0000 0.0425
246.0000 0.0430
262.5000 0.0435
265.0000 0.0440
269.0000 0.0445
282.5000 0.0451
283.0000 0.0456
283.5000 0.0461
284.5000 0.0466
287.0000 0.0471
292.0000 0.0476
292.5000 0.0481
298.5000 0.0486
311.5000 0.0492
334.0000 0.0497
343.5000 0.0502
348.0000 0.0507
349.0000 0.0512
355.0000 0.0517
362.5000 0.0522
363.0000 0.0527
374.0000 0.0533
375.0000 0.0538
378.5000 0.0543
383.5000 0.0548
397.5000 0.0553
400.5000 0.0558
406.0000 0.0563
407.5000 0.0568
416.5000 0.0573
419.5000 0.0579
420.5000 0.0584
425.5000 0.0589
430.5000 0.0594
450.5000 0.0599
458.0000 0.0604
461.0000 0.0609
469.5000 0.0614
470.0000 0.0620
492.0000 0.0625
498.5000 0.0630
509.5000 0.0635
520.0000 0.0640
532.5000 0.0645
537.5000 0.0650
540.0000 0.0655
547.0000 0.0661
553.0000 0.0666
553.0000 0.0671
554.5000 0.0676
556.5000 0.0681
557.0000 0.0686
562.0000 0.0691
568.5000 0.0696
569.0000 0.0701
582.5000 0.0707
584.5000 0.0712
592.5000 0.0717
605.5000 0.0722
607.0000 0.0727
608.5000 0.0732
615.5000 0.0737
622.0000 0.0742
628.0000 0.0748
630.0000 0.0753
638.5000 0.0758
647.5000 0.0763
649.0000 0.0768
655.0000 0.0773
660.5000 0.0778
670.5000 0.0783
670.5000 0.0789
676.0000 0.0794
680.5000 0.0799
683.0000 0.0804
685.0000 0.0809
688.0000 0.0814
689.0000 0.0819
697.5000 0.0824
700.0000 0.0829
701.5000 0.0835
704.0000 0.0840
704.5000 0.0845
711.5000 0.0850
718.0000 0.0855
728.0000 0.0860
729.0000 0.0865
741.5000 0.0870
747.0000 0.0876
751.5000 0.0881
756.5000 0.0886
756.5000 0.0891
760.5000 0.0896
771.5000 0.0901
774.0000 0.0906
800.0000 0.0911
810.5000 0.0917
812.0000 0.0922
815.5000 0.0927
819.5000 0.0932
820.0000 0.0937
820.0000 0.0942
821.0000 0.0947
822.5000 0.0952
824.0000 0.0958
824.5000 0.0963
828.0000 0.0968
828.0000 0.0973
830.0000 0.0978
834.5000 0.0983
835.0000 0.0988
845.0000 0.0993
849.0000 0.0998
851.5000 0.1004
852.0000 0.1009
852.5000 0.1014
862.5000 0.1019
866.5000 0.1024
869.5000 0.1029
871.5000 0.1034
879.0000 0.1039
891.0000 0.1045
896.0000 0.1050
906.0000 0.1055
912.5000 0.1060
919.5000 0.1065
928.0000 0.1070
929.5000 0.1075
943.5000 0.1080
948.5000 0.1086
948.5000 0.1091
950.0000 0.1096
955.0000 0.1101
957.0000 0.1106
957.5000 0.1111
964.0000 0.1116
965.0000 0.1121
981.0000 0.1126
993.0000 0.1132
995.0000 0.1137
1007.0000 0.1142
1014.5000 0.1147
1015.5000 0.1152
1016.5000 0.1157
1019.5000 0.1162
1024.0000 0.1167
1027.5000 0.1173
1034.0000 0.1178
1036.0000 0.1183
1042.0000 0.1188
1049.0000 0.1193
1055.0000 0.1198
1056.5000 0.1203
1058.5000 0.1208
1073.5000 0.1214
1080.5000 0.1219
1081.5000 0.1224
1084.0000 0.1229
1088.5000 0.1234
1090.5000 0.1239
1092.5000 0.1244
1093.5000 0.1249
1094.0000 0.1254
1097.0000 0.1260
1101.5000 0.1265
1102.0000 0.1270
1109.5000 0.1275
1118.5000 0.1280
1126.0000 0.1285
1137.5000 0.1290
1142.5000 0.1295
1143.5000 0.1301
1143.5000 0.1306
1144.5000 0.1311
1150.0000 0.1316
1152.5000 0.1321
1159.0000 0.1326
1168.0000 0.1331
1168.5000 0.1336
1174.5000 0.1342
1174.5000 0.1347
1178.5000 0.1352
1179.5000 0.1357
1183.5000 0.1362
1184.0000 0.1367
1192.0000 0.1372
1198.0000 0.1377
1208.5000 0.1382
1210.0000 0.1388
1211.0000 0.1393
1213.0000 0.1398
1215.5000 0.1403
1226.5000 0.1408
1227.0000 0.1413
1234.0000 0.1418
1261.5000 0.1423
1264.0000 0.1429
1268.5000 0.1434
1269.0000 0.1439
1280.5000 0.1444
1287.0000 0.1449
1300.5000 0.1454
1315.5000 0.1459
1328.0000 0.1464
1328.5000 0.1470
1344.5000 0.1475
1351.0000 0.1480
1351.5000 0.1485
1352.5000 0.1490
1353.0000 0.1495
1355.5000 0.1500
1360.0000 0.1505
1361.5000 0.1510
1379.5000 0.1516
1380.0000 0.1521
1386.0000 0.1526
1390.5000 0.1531
1393.5000 0.1536
1394.5000 0.1541
1395.5000 0.1546
1400.5000 0.1551
1415.0000 0.1557
1415.5000 0.1562
1421.0000 0.1567
1423.0000 0.1572
1426.5000 0.1577
1434.5000 0.1582
1443.5000 0.1587
1452.5000 0.1592
1454.5000 0.1598
1455.0000 0.1603
1463.0000 0.1608
1465.0000 0.1613
1469.0000 0.1618
1469.0000 0.1623
1470.5000 0.1628
1472.0000 0.1633
1474.5000 0.1639
1490.5000 0.1644
1496.0000 0.1649
1497.0000 0.1654
1499.5000 0.1659
1503.5000 0.1664
1508.0000 0.1669
1508.0000 0.1674
1512.0000 0.1679
1512.0000 0.1685
1518.5000 0.1690
1535.5000 0.1695
1550.0000 0.1700
1550.5000 0.1705
1554.0000 0.1710
1560.5000 0.1715
1576.5000 0.1720
1583.0000 0.1726
1585.5000 0.1731
1586.5000 0.1736
1593.0000 0.1741
1595.5000 0.1746
1600.0000 0.1751
1610.0000 0.1756
1625.0000 0.1761
1633.5000 0.1767
1636.0000 0.1772
1638.0000 0.1777
1644.0000 0.1782
1655.5000 0.1787
1656.5000 0.1792
1657.0000 0.1797
1662.5000 0.1802
1667.0000 0.1807
1672.0000 0.1813
1678.0000 0.1818
1681.5000 0.1823
1684.5000 0.1828
1686.0000 0.1833
1691.0000 0.1838
1695.5000 0.1843
1697.5000 0.1848
1704.5000 0.1854
1708.0000 0.1859
1710.0000 0.1864
1711.5000 0.1869
1713.5000 0.1874
1716.0000 0.1879
1716.5000 0.1884
1721.5000 0.1889
1723.0000 0.1895
1728.5000 0.1900
1730.0000 0.1905
1732.5000 0.1910
1736.0000 0.1915
1737.5000 0.1920
1740.5000 0.1925
1744.5000 0.1930
1746.5000 0.1935
1750.5000 0.1941
1764.5000 0.1946
1765.0000 0.1951
1775.5000 0.1956
1776.5000 0.1961
1784.5000 0.1966
1791.5000 0.1971
1791.5000 0.1976
1799.5000 0.1982
1802.0000 0.1987
1804.0000 0.1992
1806.0000 0.1997
1807.5000 0.2002
1810.0000 0.2007
1811.0000 0.2012
1819.0000 0.2017
1822.0000 0.2023
1822.5000 0.2028
1830.5000 0.2033
1852.0000 0.2038
1852.5000 0.2043
1866.0000 0.2048
1871.0000 0.2053
1886.5000 0.2058
1890.0000 0.2063
1891.5000 0.2069
1898.0000 0.2074
1903.0000 0.2079
1910.0000 0.2084
1910.5000 0.2089
1911.5000 0.2094
1919.0000 0.2099
1923.0000 0.2104
1926.0000 0.2110
1928.0000 0.2115
1930.5000 0.2120
1934.5000 0.2125
1939.5000 0.2130
1949.5000 0.2135
1955.0000 0.2140
1961.0000 0.2145
1962.5000 0.2151
1970.0000 0.2156
1974.5000 0.2161
1981.5000 0.2166
1982.0000 0.2171
1988.0000 0.2176
1990.5000 0.2181
1995.5000 0.2186
2004.0000 0.2192
2013.5000 0.2197
2016.0000 0.2202
2020.5000 0.2207
2024.0000 0.2212
2024.0000 0.2217
2027.0000 0.2222
2034.0000 0.2227
2035.0000 0.2232
2036.0000 0.2238
2041.5000 0.2243
2046.0000 0.2248
2049.0000 0.2253
2053.0000 0.2258
2055.0000 0.2263
2061.5000 0.2268
2094.5000 0.2273
2097.5000 0.2279
2120.5000 0.2284
2132.5000 0.2289
2157.0000 0.2294
2158.5000 0.2299
2178.5000 0.2304
2180.5000 0.2309
2180.5000 0.2314
2188.0000 0.2320
2204.0000 0.2325
2223.5000 0.2330
2235.5000 0.2335
2258.5000 0.2340
2274.5000 0.2345
2276.5000 0.2350
2280.0000 0.2355
2290.0000 0.2360
2297.5000 0.2366
2308.0000 0.2371
2312.0000 0.2376
2315.5000 0.2381
2317.0000 0.2386
2325.0000 0.2391
2364.5000 0.2396
2369.0000 0.2401
2369.0000 0.2407
2375.5000 0.2412
2429.0000 0.2417
2493.5000 0.2422
2494.0000 0.2427
2501.5000 0.2432
2508.0000 0.2437
2545.5000 0.2442
2562.5000 0.2448
2573.5000 0.2453
2597.0000 0.2458
2600.5000 0.2463
2648.5000 0.2468
2680.5000 0.2473
2698.0000 0.2478
2718.5000 0.2483
2725.5000 0.2488
2727.5000 0.2494
2729.5000 0.2499
2751.0000 0.2504
2771.0000 0.2509
2795.0000 0.2514
2799.0000 0.2519
2823.0000 0.2524
2826.5000 0.2529
2832.5000 0.2535
2833.0000 0.2540
2846.0000 0.2545
2848.5000 0.2550
2850.0000 0.2555
2852.0000 0.2560
2876.0000 0.2565
2891.0000 0.2570
2909.5000 0.2576
2913.0000 0.2581
2916.0000 0.2586
2951.0000 0.2591
2962.0000 0.2596
2994.5000 0.2601
3004.0000 0.2606
3015.0000 0.2611
3075.0000 0.2616
3082.0000 0.2622
3082.0000 0.2627
3107.0000 0.2632
3172.5000 0.2637
3175.0000 0.2642
3184.5000 0.2647
3241.0000 0.2652
3261.5000 0.2657
3287.5000 0.2663
3325.5000 0.2668
3350.0000 0.2673
3432.5000 0.2678
3464.5000 0.2683
3510.5000 0.2688
3515.5000 0.2693
3517.5000 0.2698
3525.0000 0.2704
3534.5000 0.2709
3545.5000 0.2714
3569.5000 0.2719
3611.5000 0.2724
3627.5000 0.2729
3630.5000 0.2734
3717.0000 0.2739
3798.5000 0.2744
3909.5000 0.2750
4081.5000 0.2755
4130.5000 0.2760
4203.5000 0.2765
4278.5000 0.2770
4387.5000 0.2775
4415.5000 0.2780
4500.0000 0.2785
4502.0000 0.2791
4689.0000 0.2796
4851.5000 0.2801
4943.0000 0.2806
5057.5000 0.2811
5171.5000 0.2816
5385.0000 0.2821
5444.5000 0.2826
5833.5000 0.2832
5928.5000 0.2837
6029.0000 0.2842
6146.5000 0.2847
6262.0000 0.2852
6351.0000 0.2857
6500.0000 0.2862
6503.5000 0.2867
6679.5000 0.2873
7247.0000 0.2878
7390.5000 0.2883
7474.5000 0.2888
7927.0000 0.2893
8317.0000 0.2898
8375.5000 0.2903
8774.0000 0.2908
8849.0000 0.2913
9134.0000 0.2919
9286.5000 0.2924
9539.5000 0.2929
9836.5000 0.2934
10140.5000 0.2939
10508.0000 0.2944
11261.5000 0.2949
11427.5000 0.2954
12061.5000 0.2960
12275.0000 0.2965
13464.5000 0.2970
13739.0000 0.2975
13852.0000 0.2980
13930.5000 0.2985
13960.0000 0.2990
14250.0000 0.2995
14542.0000 0.3001
14661.0000 0.3006
14798.0000 0.3011
15338.5000 0.3016
15390.0000 0.3021
15607.0000 0.3026
15669.0000 0.3031
16337.0000 0.3036
16533.5000 0.3041
16829.5000 0.3047
16882.5000 0.3052
17273.5000 0.3057
17613.0000 0.3062
17679.5000 0.3067
17779.5000 0.3072
