# time  created  delivered  delivered/created
32.0000 1 0 0.0000
58.0000 2 0 0.0000
84.0000 3 0 0.0000
112.0000 4 0 0.0000
144.0000 5 0 0.0000
170.0000 6 0 0.0000
203.0000 7 0 0.0000
233.0000 8 0 0.0000
265.0000 9 0 0.0000
291.0000 10 0 0.0000
320.0000 11 0 0.0000
345.0000 12 0 0.0000
379.0000 13 0 0.0000
405.0000 14 0 0.0000
431.0000 15 0 0.0000
464.0000 16 0 0.0000
498.0000 17 0 0.0000
523.0000 18 0 0.0000
536.0000 18 1 0.0556
557.0000 19 1 0.0526
582.0000 20 1 0.0500
609.0000 21 1 0.0476
630.5000 21 2 0.0952
640.0000 22 2 0.0909
669.0000 23 2 0.0870
670.5000 23 3 0.1304
698.0000 24 3 0.1250
730.0000 25 3 0.1200
757.0000 26 3 0.1154
785.0000 27 3 0.1111
818.0000 28 3 0.1071
852.0000 29 3 0.1034
881.0000 30 3 0.1000
897.0000 30 4 0.1333
913.0000 31 4 0.1290
945.0000 32 4 0.1250
976.0000 33 4 0.1212
1007.0000 34 4 0.1176
1035.0000 35 4 0.1143
1060.0000 36 4 0.1111
1092.0000 37 4 0.1081
1121.0000 38 4 0.1053
1154.0000 39 4 0.1026
1184.0000 40 4 0.1000
1216.0000 41 4 0.0976
1249.0000 42 4 0.0952
1281.0000 43 4 0.0930
1313.0000 44 4 0.0909
1345.0000 45 4 0.0889
1378.0000 46 4 0.0870
1411.0000 47 4 0.0851
1437.0000 48 4 0.0833
1465.0000 49 4 0.0816
1498.0000 50 4 0.0800
1528.0000 51 4 0.0784
1560.0000 52 4 0.0769
1562.0000 52 5 0.0962
1586.0000 53 5 0.0943
1617.0000 54 5 0.0926
1646.0000 55 5 0.0909
1677.0000 56 5 0.0893
1707.0000 57 5 0.0877
1739.0000 58 5 0.0862
1761.0000 58 6 0.1034
1769.0000 59 6 0.1017
1801.0000 60 6 0.1000
1826.0000 61 6 0.0984
1852.0000 62 6 0.0968
1881.0000 63 6 0.0952
1904.5000 63 7 0.1111
1908.0000 64 7 0.1094
1937.0000 65 7 0.1077
1968.0000 66 7 0.1061
1997.0000 67 7 0.1045
2022.0000 68 7 0.1029
2054.0000 69 7 0.1014
2088.0000 70 7 0.1000
2116.0000 70 8 0.1143
2117.0000 71 8 0.1127
2142.0000 72 8 0.1111
2152.0000 72 9 0.1250
2168.0000 72 10 0.1389
2173.0000 73 10 0.1370
2199.0000 74 10 0.1351
2229.0000 75 10 0.1333
2262.0000 76 10 0.1316
2294.0000 77 10 0.1299
2306.5000 77 11 0.1429
2319.0000 78 11 0.1410
2353.0000 79 11 0.1392
2357.0000 79 12 0.1519
2378.0000 80 12 0.1500
2392.5000 80 13 0.1625
2411.0000 81 13 0.1605
2443.0000 82 13 0.1585
2470.0000 83 13 0.1566
2498.0000 84 13 0.1548
2530.0000 85 13 0.1529
2561.0000 86 13 0.1512
2589.0000 87 13 0.1494
2619.0000 88 13 0.1477
2649.0000 89 13 0.1461
2674.0000 90 13 0.1444
2704.0000 91 13 0.1429
2734.0000 92 13 0.1413
2765.0000 92 14 0.1522
2768.0000 93 14 0.1505
2770.0000 93 15 0.1613
2794.0000 94 15 0.1596
2800.0000 94 16 0.1702
2823.0000 95 16 0.1684
2853.0000 96 16 0.1667
2874.5000 96 17 0.1771
2880.0000 97 17 0.1753
2909.0000 98 17 0.1735
2941.0000 99 17 0.1717
2974.0000 100 17 0.1700
3003.0000 101 17 0.1683
3037.0000 102 17 0.1667
3045.5000 102 18 0.1765
3064.0000 103 18 0.1748
3081.0000 103 19 0.1845
3094.0000 104 19 0.1827
3121.0000 105 19 0.1810
3146.0000 106 19 0.1792
3175.0000 107 19 0.1776
3198.0000 107 20 0.1869
3201.0000 107 21 0.1963
3207.0000 108 21 0.1944
3237.0000 109 21 0.1927
3243.0000 109 22 0.2018
3262.0000 110 22 0.2000
3295.0000 111 22 0.1982
3322.0000 112 22 0.1964
3352.0000 113 22 0.1947
3375.5000 113 23 0.2035
3379.0000 114 23 0.2018
3408.0000 115 23 0.2000
3435.0000 116 23 0.1983
3461.0000 117 23 0.1966
3487.0000 118 23 0.1949
3516.0000 119 23 0.1933
3543.0000 120 23 0.1917
3543.5000 120 24 0.2000
3570.0000 121 24 0.1983
3601.0000 122 24 0.1967
3627.0000 123 24 0.1951
3661.0000 124 24 0.1935
3691.0000 125 24 0.1920
3723.5000 125 25 0.2000
3724.0000 126 25 0.1984
3754.0000 127 25 0.1969
3786.0000 128 25 0.1953
3807.0000 128 26 0.2031
3811.0000 129 26 0.2016
3842.0000 130 26 0.2000
3873.0000 131 26 0.1985
3904.0000 132 26 0.1970
3934.0000 133 26 0.1955
3968.0000 134 26 0.1940
3999.0000 135 26 0.1926
4028.0000 136 26 0.1912
4055.0000 137 26 0.1898
4080.0000 138 26 0.1884
4083.0000 138 27 0.1957
4112.0000 139 27 0.1942
4130.5000 139 28 0.2014
4140.0000 139 29 0.2086
4143.0000 140 29 0.2071
4174.0000 141 29 0.2057
4205.0000 142 29 0.2042
4230.0000 143 29 0.2028
4255.0000 144 29 0.2014
4283.0000 145 29 0.2000
4314.0000 146 29 0.1986
4328.0000 146 30 0.2055
4342.0000 147 30 0.2041
4368.0000 148 30 0.2027
4402.0000 149 30 0.2013
4432.0000 150 30 0.2000
4462.0000 151 30 0.1987
4487.5000 151 31 0.2053
4488.0000 152 31 0.2039
4488.5000 152 32 0.2105
4515.0000 153 32 0.2092
4546.0000 154 32 0.2078
4572.0000 155 32 0.2065
4590.0000 155 33 0.2129
4591.5000 155 34 0.2194
4606.0000 156 34 0.2179
4638.0000 157 34 0.2166
4672.0000 158 34 0.2152
4701.0000 159 34 0.2138
4708.0000 159 35 0.2201
4729.0000 160 35 0.2188
4758.0000 161 35 0.2174
4758.5000 161 36 0.2236
4792.0000 162 36 0.2222
4822.0000 163 36 0.2209
4823.0000 163 37 0.2270
4847.0000 164 37 0.2256
4872.0000 164 38 0.2317
4875.0000 165 38 0.2303
4902.0000 166 38 0.2289
4935.0000 167 38 0.2275
4965.0000 168 38 0.2262
4996.0000 169 38 0.2249
5028.0000 170 38 0.2235
5058.0000 171 38 0.2222
5089.0000 172 38 0.2209
5119.0000 173 38 0.2197
5150.0000 174 38 0.2184
5152.0000 174 39 0.2241
5153.0000 174 40 0.2299
5183.0000 175 40 0.2286
5195.5000 175 41 0.2343
5213.0000 176 41 0.2330
5243.0000 177 41 0.2316
5276.0000 178 41 0.2303
5305.0000 179 41 0.2291
5323.0000 179 42 0.2346
5339.0000 180 42 0.2333
5366.0000 181 42 0.2320
5391.0000 182 42 0.2308
5413.5000 182 43 0.2363
5419.0000 183 43 0.2350
5444.0000 184 43 0.2337
5474.0000 185 43 0.2324
5504.0000 186 43 0.2312
5531.0000 187 43 0.2299
5562.0000 188 43 0.2287
5592.0000 189 43 0.2275
5624.0000 190 43 0.2263
5642.5000 190 44 0.2316
5658.0000 191 44 0.2304
5688.0000 192 44 0.2292
5716.0000 193 44 0.2280
5747.0000 194 44 0.2268
5773.0000 195 44 0.2256
5807.0000 196 44 0.2245
5837.0000 197 44 0.2234
5868.0000 198 44 0.2222
5868.5000 198 45 0.2273
5900.0000 199 45 0.2261
5902.5000 199 46 0.2312
5931.0000 200 46 0.2300
5958.0000 201 46 0.2289
5970.0000 201 47 0.2338
5973.0000 201 48 0.2388
5984.0000 202 48 0.2376
5999.0000 202 49 0.2426
6017.0000 203 49 0.2414
6047.0000 204 49 0.2402
6074.0000 205 49 0.2390
6101.0000 206 49 0.2379
6119.5000 206 50 0.2427
6130.0000 207 50 0.2415
6156.0000 208 50 0.2404
6181.0000 209 50 0.2392
6192.5000 209 51 0.2440
6213.0000 210 51 0.2429
6243.0000 211 51 0.2417
6275.0000 212 51 0.2406
6305.0000 213 51 0.2394
6335.0000 214 51 0.2383
6365.0000 215 51 0.2372
6366.5000 215 52 0.2419
6390.0000 216 52 0.2407
6417.0000 217 52 0.2396
6418.5000 217 53 0.2442
6450.0000 218 53 0.2431
6478.0000 218 54 0.2477
6483.0000 219 54 0.2466
6509.0000 220 54 0.2455
6540.0000 221 54 0.2443
6566.0000 221 55 0.2489
6570.0000 222 55 0.2477
6601.0000 223 55 0.2466
6610.5000 223 56 0.2511
6634.0000 224 56 0.2500
6666.0000 225 56 0.2489
6691.0000 226 56 0.2478
6716.0000 227 56 0.2467
6722.5000 227 57 0.2511
6748.0000 228 57 0.2500
6773.0000 229 57 0.2489
6806.0000 230 57 0.2478
6838.0000 231 57 0.2468
6849.0000 231 58 0.2511
6870.0000 232 58 0.2500
6891.5000 232 59 0.2543
6897.0000 233 59 0.2532
6923.0000 234 59 0.2521
6952.0000 235 59 0.2511
6986.0000 236 59 0.2500
7013.0000 237 59 0.2489
7043.0000 238 59 0.2479
7077.0000 239 59 0.2469
7111.0000 240 59 0.2458
7138.0000 241 59 0.2448
7169.0000 242 59 0.2438
7169.5000 242 60 0.2479
7194.0000 243 60 0.2469
7228.0000 244 60 0.2459
7262.0000 245 60 0.2449
7272.5000 245 61 0.2490
7295.0000 245 62 0.2531
7296.0000 246 62 0.2520
7324.0000 247 62 0.2510
7324.5000 247 63 0.2551
7354.0000 248 63 0.2540
7380.0000 249 63 0.2530
7409.0000 250 63 0.2520
7413.5000 250 64 0.2560
7414.5000 250 65 0.2600
7437.0000 251 65 0.2590
7442.0000 251 66 0.2629
7446.0000 251 67 0.2669
7457.0000 251 68 0.2709
7464.0000 252 68 0.2698
7494.0000 253 68 0.2688
7521.0000 253 69 0.2727
7525.0000 254 69 0.2717
7559.0000 255 69 0.2706
7560.5000 255 70 0.2745
7568.5000 255 71 0.2784
7590.0000 256 71 0.2773
7619.0000 257 71 0.2763
7622.5000 257 72 0.2802
7623.5000 257 73 0.2840
7630.0000 257 74 0.2879
7647.0000 258 74 0.2868
7678.0000 259 74 0.2857
7703.0000 260 74 0.2846
7729.0000 261 74 0.2835
7735.0000 261 75 0.2874
7762.0000 262 75 0.2863
7789.0000 263 75 0.2852
7814.0000 264 75 0.2841
7844.0000 265 75 0.2830
7873.0000 266 75 0.2820
7907.0000 267 75 0.2809
7935.0000 268 75 0.2799
7937.0000 268 76 0.2836
7964.0000 269 76 0.2825
7994.0000 270 76 0.2815
8027.0000 271 76 0.2804
8027.5000 271 77 0.2841
8057.0000 272 77 0.2831
8078.0000 272 78 0.2868
8085.0000 273 78 0.2857
8113.0000 274 78 0.2847
8146.0000 275 78 0.2836
8172.0000 276 78 0.2826
8187.5000 276 79 0.2862
8201.0000 277 79 0.2852
8213.5000 277 80 0.2888
8231.0000 278 80 0.2878
8261.0000 279 80 0.2867
8295.0000 280 80 0.2857
8320.0000 281 80 0.2847
8350.0000 282 80 0.2837
8380.0000 283 80 0.2827
8408.0000 284 80 0.2817
8433.0000 285 80 0.2807
8460.0000 286 80 0.2797
8488.0000 287 80 0.2787
8490.0000 287 81 0.2822
8513.5000 287 82 0.2857
8517.0000 288 82 0.2847
8549.0000 289 82 0.2837
8581.0000 290 82 0.2828
8614.0000 291 82 0.2818
8641.0000 292 82 0.2808
8641.5000 292 83 0.2842
8666.0000 293 83 0.2833
8696.0000 294 83 0.2823
8724.5000 294 84 0.2857
8729.0000 295 84 0.2847
8755.0000 296 84 0.2838
8782.0000 297 84 0.2828
8787.0000 297 85 0.2862
8807.0000 298 85 0.2852
8835.0000 299 85 0.2843
8863.0000 300 85 0.2833
8894.0000 301 85 0.2824
8924.0000 302 85 0.2815
8952.0000 302 86 0.2848
8954.0000 303 86 0.2838
8978.5000 303 87 0.2871
8980.0000 304 87 0.2862
9006.0000 305 87 0.2852
9011.0000 305 88 0.2885
9027.5000 305 89 0.2918
9031.0000 306 89 0.2908
9062.0000 307 89 0.2899
9095.0000 308 89 0.2890
9126.0000 309 89 0.2880
9141.5000 309 90 0.2913
9152.0000 310 90 0.2903
9181.0000 311 90 0.2894
9211.0000 312 90 0.2885
9242.0000 313 90 0.2875
9267.0000 314 90 0.2866
9292.5000 314 91 0.2898
9298.0000 315 91 0.2889
9310.5000 315 92 0.2921
9329.0000 316 92 0.2911
9362.0000 317 92 0.2902
9387.0000 318 92 0.2893
9412.0000 319 92 0.2884
9428.0000 319 93 0.2915
9439.0000 320 93 0.2906
9473.0000 321 93 0.2897
9501.0000 322 93 0.2888
9501.5000 322 94 0.2919
9527.0000 323 94 0.2910
9554.0000 324 94 0.2901
9580.0000 325 94 0.2892
9607.0000 326 94 0.2883
9641.0000 327 94 0.2875
9668.0000 328 94 0.2866
9676.0000 328 95 0.2896
9676.5000 328 96 0.2927
9677.0000 328 97 0.2957
9677.0000 328 98 0.2988
9702.0000 329 98 0.2979
9720.0000 329 99 0.3009
9733.0000 330 99 0.3000
9737.0000 330 100 0.3030
9759.0000 331 100 0.3021
9785.0000 332 100 0.3012
9813.0000 333 100 0.3003
9813.5000 333 101 0.3033
9842.0000 334 101 0.3024
9869.0000 335 101 0.3015
9898.0000 336 101 0.3006
9925.0000 337 101 0.2997
9958.0000 338 101 0.2988
9983.0000 339 101 0.2979
10000.0000 339 102 0.3009
10012.0000 340 102 0.3000
10041.0000 341 102 0.2991
10075.0000 342 102 0.2982
10075.5000 342 103 0.3012
10102.0000 343 103 0.3003
10132.0000 344 103 0.2994
10136.5000 344 104 0.3023
10157.0000 345 104 0.3014
10188.0000 346 104 0.3006
10217.0000 347 104 0.2997
10243.0000 348 104 0.2989
10276.0000 349 104 0.2980
10301.0000 350 104 0.2971
10331.0000 351 104 0.2963
10331.5000 351 105 0.2991
10356.0000 352 105 0.2983
10386.0000 353 105 0.2975
10417.0000 354 105 0.2966
10448.0000 355 105 0.2958
10471.0000 355 106 0.2986
10478.0000 356 106 0.2978
10512.0000 357 106 0.2969
10537.0000 358 106 0.2961
10537.5000 358 107 0.2989
10566.0000 359 107 0.2981
10595.0000 360 107 0.2972
10618.5000 360 108 0.3000
10628.0000 361 108 0.2992
10660.0000 362 108 0.2983
10675.0000 362 109 0.3011
10685.0000 363 109 0.3003
10717.0000 364 109 0.2995
10744.0000 365 109 0.2986
10770.0000 366 109 0.2978
10797.0000 367 109 0.2970
10824.0000 368 109 0.2962
10858.0000 369 109 0.2954
10887.0000 370 109 0.2946
10912.0000 371 109 0.2938
10939.0000 372 109 0.2930
10973.0000 373 109 0.2922
11006.0000 374 109 0.2914
11032.0000 375 109 0.2907
11065.0000 376 109 0.2899
11095.0000 377 109 0.2891
11121.0000 378 109 0.2884
11128.5000 378 110 0.2910
11148.0000 379 110 0.2902
11182.0000 380 110 0.2895
11216.0000 381 110 0.2887
11247.0000 382 110 0.2880
11252.0000 382 111 0.2906
11275.0000 383 111 0.2898
11277.0000 383 112 0.2924
11301.0000 384 112 0.2917
11333.0000 385 112 0.2909
11366.0000 386 112 0.2902
11391.0000 387 112 0.2894
11418.5000 387 113 0.2920
11422.0000 388 113 0.2912
11430.0000 388 114 0.2938
11450.0000 389 114 0.2931
11479.0000 390 114 0.2923
11501.5000 390 115 0.2949
11513.0000 391 115 0.2941
11514.0000 391 116 0.2967
11540.0000 392 116 0.2959
11573.0000 393 116 0.2952
11600.0000 394 116 0.2944
11627.0000 395 116 0.2937
11652.0000 396 116 0.2929
11679.0000 397 116 0.2922
11711.0000 398 116 0.2915
11717.5000 398 117 0.2940
11741.0000 399 117 0.2932
11769.0000 400 117 0.2925
11797.0000 401 117 0.2918
11825.0000 402 117 0.2910
11851.0000 403 117 0.2903
11869.5000 403 118 0.2928
11882.0000 404 118 0.2921
11911.0000 405 118 0.2914
11919.5000 405 119 0.2938
11935.5000 405 120 0.2963
11938.0000 406 120 0.2956
11948.5000 406 121 0.2980
11965.0000 407 121 0.2973
11992.0000 407 122 0.2998
11999.0000 408 122 0.2990
12022.5000 408 123 0.3015
12024.0000 409 123 0.3007
12024.5000 409 124 0.3032
12049.0000 410 124 0.3024
12081.0000 411 124 0.3017
12107.0000 412 124 0.3010
12136.0000 413 124 0.3002
12146.5000 413 125 0.3027
12169.0000 414 125 0.3019
12196.0000 415 125 0.3012
12223.0000 416 125 0.3005
12224.0000 416 126 0.3029
12236.5000 416 127 0.3053
12254.0000 417 127 0.3046
12283.5000 417 128 0.3070
12285.0000 418 128 0.3062
12310.0000 419 128 0.3055
12332.0000 419 129 0.3079
12337.0000 420 129 0.3071
12342.0000 420 130 0.3095
12342.5000 420 131 0.3119
12362.0000 421 131 0.3112
12394.0000 422 131 0.3104
12419.5000 422 132 0.3128
12428.0000 423 132 0.3121
12462.0000 424 132 0.3113
12494.0000 425 132 0.3106
12524.0000 426 132 0.3099
12537.5000 426 133 0.3122
12553.0000 427 133 0.3115
12586.0000 428 133 0.3107
12612.0000 429 133 0.3100
12643.0000 430 133 0.3093
12671.0000 431 133 0.3086
12704.0000 432 133 0.3079
12725.0000 432 134 0.3102
12730.0000 433 134 0.3095
12755.0000 434 134 0.3088
12789.0000 435 134 0.3080
12817.0000 436 134 0.3073
12819.5000 436 135 0.3096
12842.0000 437 135 0.3089
12871.0000 438 135 0.3082
12871.5000 438 136 0.3105
12900.5000 438 137 0.3128
12903.0000 439 137 0.3121
12933.0000 440 137 0.3114
12949.0000 440 138 0.3136
12966.0000 441 138 0.3129
12992.0000 442 138 0.3122
12997.0000 442 139 0.3145
13021.0000 443 139 0.3138
13031.5000 443 140 0.3160
13050.0000 444 140 0.3153
13056.5000 444 141 0.3176
13078.0000 445 141 0.3169
13104.0000 446 141 0.3161
13136.0000 447 141 0.3154
13170.0000 448 141 0.3147
13204.0000 449 141 0.3140
13210.0000 449 142 0.3163
13231.0000 450 142 0.3156
13238.0000 450 143 0.3178
13257.0000 451 143 0.3171
13290.0000 452 143 0.3164
13306.5000 452 144 0.3186
13316.0000 453 144 0.3179
13341.0000 454 144 0.3172
13366.0000 455 144 0.3165
13368.0000 455 145 0.3187
13399.0000 456 145 0.3180
13428.0000 457 145 0.3173
13456.0000 458 145 0.3166
13481.0000 459 145 0.3159
13508.0000 460 145 0.3152
13536.0000 461 145 0.3145
13564.0000 462 145 0.3139
13597.0000 463 145 0.3132
13630.0000 464 145 0.3125
13664.0000 465 145 0.3118
13698.0000 466 145 0.3112
13725.0000 467 145 0.3105
13757.0000 468 145 0.3098
13757.5000 468 146 0.3120
13785.0000 469 146 0.3113
13818.0000 470 146 0.3106
13845.0000 471 146 0.3100
13872.0000 472 146 0.3093
13902.0000 473 146 0.3087
13928.0000 474 146 0.3080
13958.0000 475 146 0.3074
13958.5000 475 147 0.3095
13989.0000 476 147 0.3088
13992.5000 476 148 0.3109
13994.5000 476 149 0.3130
14018.0000 476 150 0.3151
14020.0000 477 150 0.3145
14047.0000 478 150 0.3138
14073.0000 479 150 0.3132
14102.5000 479 151 0.3152
14103.0000 480 151 0.3146
14128.0000 481 151 0.3139
14161.0000 482 151 0.3133
14186.0000 483 151 0.3126
14190.5000 483 152 0.3147
14214.0000 484 152 0.3140
14240.0000 485 152 0.3134
14270.0000 486 152 0.3128
14302.0000 487 152 0.3121
14302.0000 487 153 0.3142
14331.0000 488 153 0.3135
14360.0000 489 153 0.3129
14360.5000 489 154 0.3149
14388.0000 490 154 0.3143
14414.0000 491 154 0.3136
14445.0000 492 154 0.3130
14476.0000 493 154 0.3124
14480.0000 493 155 0.3144
14484.0000 493 156 0.3164
14505.0000 494 156 0.3158
14538.0000 495 156 0.3152
14541.0000 495 157 0.3172
14566.0000 496 157 0.3165
14595.0000 497 157 0.3159
14627.0000 498 157 0.3153
14655.0000 499 157 0.3146
14689.0000 500 157 0.3140
14714.0000 501 157 0.3134
14744.0000 502 157 0.3127
14778.0000 503 157 0.3121
14812.0000 504 157 0.3115
14826.0000 504 158 0.3135
14839.0000 505 158 0.3129
14848.0000 505 159 0.3149
14873.0000 506 159 0.3142
14882.0000 506 160 0.3162
14906.0000 507 160 0.3156
14930.0000 507 161 0.3176
14933.0000 508 161 0.3169
14962.0000 509 161 0.3163
14995.0000 510 161 0.3157
15024.0000 511 161 0.3151
15040.5000 511 162 0.3170
15050.0000 512 162 0.3164
15077.0000 513 162 0.3158
15103.0000 514 162 0.3152
15134.0000 515 162 0.3146
15143.5000 515 163 0.3165
15160.0000 516 163 0.3159
15188.0000 517 163 0.3153
15219.0000 518 163 0.3147
15221.5000 518 164 0.3166
15247.0000 519 164 0.3160
15281.0000 520 164 0.3154
15302.5000 520 165 0.3173
15313.0000 521 165 0.3167
15338.0000 522 165 0.3161
15367.0000 523 165 0.3155
15398.0000 524 165 0.3149
15424.0000 525 165 0.3143
15456.0000 526 165 0.3137
15462.0000 526 166 0.3156
15486.0000 527 166 0.3150
15513.0000 528 166 0.3144
15539.0000 529 166 0.3138
15573.0000 530 166 0.3132
15599.0000 531 166 0.3126
15623.0000 531 167 0.3145
15631.0000 532 167 0.3139
15656.0000 533 167 0.3133
15661.0000 533 168 0.3152
15680.5000 533 169 0.3171
15681.5000 533 170 0.3189
15684.0000 534 170 0.3184
15717.0000 535 170 0.3178
15751.0000 536 170 0.3172
15760.0000 536 171 0.3190
15776.0000 537 171 0.3184
15805.0000 538 171 0.3178
15838.0000 539 171 0.3173
15863.0000 540 171 0.3167
15864.0000 540 172 0.3185
15892.0000 541 172 0.3179
15892.5000 541 173 0.3198
15923.0000 542 173 0.3192
15948.0000 543 173 0.3186
15950.5000 543 174 0.3204
15977.0000 544 174 0.3199
16003.0000 545 174 0.3193
16016.0000 545 175 0.3211
16029.0000 546 175 0.3205
16062.0000 547 175 0.3199
16096.0000 548 175 0.3193
16125.0000 549 175 0.3188
16157.0000 550 175 0.3182
16159.0000 550 176 0.3200
16188.0000 551 176 0.3194
16219.0000 552 176 0.3188
16252.0000 553 176 0.3183
16278.0000 554 176 0.3177
16303.0000 555 176 0.3171
16332.0000 556 176 0.3165
16339.5000 556 177 0.3183
16361.0000 557 177 0.3178
16388.0000 557 178 0.3196
16391.0000 558 178 0.3190
16394.0000 558 179 0.3208
16397.5000 558 180 0.3226
16420.0000 559 180 0.3220
16449.0000 560 180 0.3214
16475.0000 561 180 0.3209
16508.0000 562 180 0.3203
16542.0000 563 180 0.3197
16560.0000 563 181 0.3215
16571.0000 564 181 0.3209
16598.0000 565 181 0.3204
16626.0000 566 181 0.3198
16653.0000 567 181 0.3192
16685.0000 568 181 0.3187
16719.0000 569 181 0.3181
16748.0000 570 181 0.3175
16775.0000 571 181 0.3170
16783.0000 571 182 0.3187
16801.0000 572 182 0.3182
16827.0000 573 182 0.3176
16853.0000 574 182 0.3171
16884.0000 575 182 0.3165
16910.0000 576 182 0.3160
16937.0000 577 182 0.3154
16965.0000 578 182 0.3149
16974.0000 578 183 0.3166
16979.0000 578 184 0.3183
16991.0000 579 184 0.3178
17025.0000 580 184 0.3172
17053.0000 581 184 0.3167
17086.0000 582 184 0.3162
17112.0000 583 184 0.3156
17139.0000 584 184 0.3151
17172.0000 585 184 0.3145
17201.0000 586 184 0.3140
17232.0000 587 184 0.3135
17247.0000 587 185 0.3152
17264.0000 588 185 0.3146
17289.0000 589 185 0.3141
17323.0000 590 185 0.3136
17355.0000 591 185 0.3130
17370.0000 591 186 0.3147
17385.0000 592 186 0.3142
17415.0000 593 186 0.3137
17440.0000 594 186 0.3131
17468.0000 595 186 0.3126
17501.0000 596 186 0.3121
17531.0000 597 186 0.3116
17558.0000 598 186 0.3110
17589.0000 599 186 0.3105
17611.0000 599 187 0.3122
17614.0000 600 187 0.3117
17614.5000 600 188 0.3133
17639.0000 601 188 0.3128
17672.0000 602 188 0.3123
17677.0000 602 189 0.3140
17697.0000 603 189 0.3134
17722.0000 604 189 0.3129
17745.5000 604 190 0.3146
17747.0000 605 190 0.3140
17776.0000 606 190 0.3135
17802.0000 607 190 0.3130
17822.0000 607 191 0.3147
17834.0000 608 191 0.3141
17868.0000 609 191 0.3136
17901.0000 610 191 0.3131
17934.0000 611 191 0.3126
17959.0000 612 191 0.3121
17985.0000 613 191 0.3116
18010.0000 614 191 0.3111
18041.0000 615 191 0.3106
18074.0000 616 191 0.3101
18103.0000 617 191 0.3096
18131.0000 618 191 0.3091
18165.0000 619 191 0.3086
18175.5000 619 192 0.3102
18195.0000 620 192 0.3097
18221.0000 621 192 0.3092
18252.0000 622 192 0.3087
18283.0000 623 192 0.3082
18293.0000 623 193 0.3098
18317.0000 624 193 0.3093
18344.0000 625 193 0.3088
18375.0000 626 193 0.3083
18405.0000 627 193 0.3078
18434.0000 628 193 0.3073
18467.0000 629 193 0.3068
18492.0000 630 193 0.3063
18526.0000 631 193 0.3059
18554.0000 632 193 0.3054
18579.0000 633 193 0.3049
18609.0000 634 193 0.3044
18635.0000 635 193 0.3039
18668.0000 636 193 0.3035
18700.0000 637 193 0.3030
18729.0000 638 193 0.3025
18760.0000 639 193 0.3020
18761.0000 639 194 0.3036
18792.0000 640 194 0.3031
18823.5000 640 195 0.3047
18824.0000 641 195 0.3042
18839.0000 641 196 0.3058
18848.0000 641 197 0.3073
18858.0000 642 197 0.3069
18880.0000 642 198 0.3084
18882.0000 642 199 0.3100
18884.0000 643 199 0.3095
18885.5000 643 200 0.3110
18910.0000 644 200 0.3106
18939.0000 645 200 0.3101
18971.0000 646 200 0.3096
18996.0000 647 200 0.3091
19006.5000 647 201 0.3107
19030.0000 648 201 0.3102
19064.0000 649 201 0.3097
19094.0000 650 201 0.3092
19121.0000 651 201 0.3088
19151.0000 652 201 0.3083
19182.0000 653 201 0.3078
19188.5000 653 202 0.3093
19216.0000 654 202 0.3089
19247.0000 655 202 0.3084
19267.0000 655 203 0.3099
19274.0000 656 203 0.3095
19302.0000 657 203 0.3090
19329.0000 658 203 0.3085
19357.0000 659 203 0.3080
19379.0000 659 204 0.3096
19384.0000 660 204 0.3091
19409.0000 661 204 0.3086
19442.0000 662 204 0.3082
19472.0000 663 204 0.3077
19501.0000 664 204 0.3072
19530.5000 664 205 0.3087
19532.0000 665 205 0.3083
19563.0000 666 205 0.3078
19595.0000 667 205 0.3073
19628.0000 668 205 0.3069
19660.0000 669 205 0.3064
19688.0000 670 205 0.3060
19721.0000 671 205 0.3055
19755.0000 672 205 0.3051
19780.0000 673 205 0.3046
19814.0000 674 205 0.3042
19842.0000 675 205 0.3037
19876.0000 676 205 0.3033
19910.0000 677 205 0.3028
19937.0000 678 205 0.3024
19970.0000 679 205 0.3019
19997.0000 679 206 0.3034
19998.0000 680 206 0.3029
20023.0000 681 206 0.3025
20055.0000 682 206 0.3021
20056.5000 682 207 0.3035
20082.0000 683 207 0.3031
20116.0000 684 207 0.3026
20148.0000 685 207 0.3022
20166.0000 685 208 0.3036
20174.0000 686 208 0.3032
20174.5000 686 209 0.3047
20188.0000 686 210 0.3061
20192.5000 686 211 0.3076
20205.0000 687 211 0.3071
20236.0000 688 211 0.3067
20261.0000 689 211 0.3062
20291.0000 690 211 0.3058
20320.0000 691 211 0.3054
20345.0000 692 211 0.3049
20376.0000 693 211 0.3045
20407.0000 694 211 0.3040
20431.0000 694 212 0.3055
20437.0000 695 212 0.3050
20462.0000 696 212 0.3046
20463.5000 696 213 0.3060
20496.0000 697 213 0.3056
20526.0000 698 213 0.3052
20553.0000 699 213 0.3047
20584.0000 700 213 0.3043
20610.0000 701 213 0.3039
20641.0000 702 213 0.3034
20674.0000 703 213 0.3030
20676.5000 703 214 0.3044
20706.0000 704 214 0.3040
20737.0000 705 214 0.3035
20767.0000 706 214 0.3031
20798.0000 707 214 0.3027
20830.0000 708 214 0.3023
20855.0000 709 214 0.3018
20872.0000 709 215 0.3032
20889.0000 710 215 0.3028
20917.0000 711 215 0.3024
20944.0000 712 215 0.3020
20975.0000 713 215 0.3015
21009.0000 714 215 0.3011
21040.0000 715 215 0.3007
21065.0000 716 215 0.3003
21090.0000 717 215 0.2999
21116.0000 718 215 0.2994
21150.0000 719 215 0.2990
21180.0000 720 215 0.2986
21202.5000 720 216 0.3000
21209.0000 721 216 0.2996
21237.0000 722 216 0.2992
21268.0000 723 216 0.2988
21268.5000 723 217 0.3001
21298.0000 724 217 0.2997
21330.0000 725 217 0.2993
21359.0000 726 217 0.2989
21387.0000 727 217 0.2985
21394.0000 727 218 0.2999
21416.0000 728 218 0.2995
21446.0000 729 218 0.2990
21476.0000 730 218 0.2986
21497.0000 730 219 0.3000
21508.0000 731 219 0.2996
21537.0000 732 219 0.2992
21563.0000 733 219 0.2988
21594.0000 734 219 0.2984
21619.0000 735 219 0.2980
21648.0000 736 219 0.2976
21669.0000 736 220 0.2989
21680.0000 737 220 0.2985
21704.0000 737 221 0.2999
21712.0000 738 221 0.2995
21739.0000 739 221 0.2991
21744.0000 739 222 0.3004
21770.0000 740 222 0.3000
21797.0000 741 222 0.2996
21826.0000 742 222 0.2992
21854.0000 743 222 0.2988
21885.0000 744 222 0.2984
21919.0000 745 222 0.2980
21944.0000 746 222 0.2976
21973.0000 747 222 0.2972
21999.0000 748 222 0.2968
22031.0000 749 222 0.2964
22052.0000 749 223 0.2977
22053.0000 749 224 0.2991
22062.0000 750 224 0.2987
22091.5000 750 225 0.3000
22095.0000 751 225 0.2996
22128.0000 752 225 0.2992
22153.0000 753 225 0.2988
22182.0000 754 225 0.2984
22215.0000 755 225 0.2980
22240.0000 756 225 0.2976
22273.0000 757 225 0.2972
22306.0000 758 225 0.2968
22337.0000 759 225 0.2964
22369.0000 760 225 0.2961
22403.0000 761 225 0.2957
22435.0000 762 225 0.2953
22465.0000 763 225 0.2949
22499.0000 764 225 0.2945
22525.0000 765 225 0.2941
22545.0000 765 226 0.2954
22558.0000 766 226 0.2950
22591.0000 767 226 0.2947
22593.0000 767 227 0.2960
22617.0000 768 227 0.2956
22643.0000 769 227 0.2952
22675.0000 770 227 0.2948
22702.0000 771 227 0.2944
22733.0000 772 227 0.2940
22761.0000 773 227 0.2937
22788.0000 774 227 0.2933
22822.0000 775 227 0.2929
22824.0000 775 228 0.2942
22847.0000 776 228 0.2938
22880.0000 777 228 0.2934
22884.5000 777 229 0.2947
22909.0000 778 229 0.2943
22937.0000 779 229 0.2940
22966.5000 779 230 0.2953
22969.0000 780 230 0.2949
23001.0000 781 230 0.2945
23031.0000 782 230 0.2941
23062.0000 783 230 0.2937
23094.0000 784 230 0.2934
23122.0000 785 230 0.2930
23156.0000 786 230 0.2926
23188.0000 787 230 0.2922
23214.0000 788 230 0.2919
23246.0000 789 230 0.2915
23278.0000 790 230 0.2911
23302.0000 790 231 0.2924
23307.0000 791 231 0.2920
23321.5000 791 232 0.2933
23332.0000 792 232 0.2929
23366.0000 793 232 0.2926
23380.0000 793 233 0.2938
23397.0000 794 233 0.2935
23431.0000 795 233 0.2931
23442.5000 795 234 0.2943
23464.0000 796 234 0.2940
23494.0000 797 234 0.2936
23523.0000 798 234 0.2932
23554.0000 799 234 0.2929
23583.0000 800 234 0.2925
23614.0000 801 234 0.2921
23648.0000 802 234 0.2918
23673.0000 803 234 0.2914
23699.0000 804 234 0.2910
23725.0000 805 234 0.2907
23758.0000 806 234 0.2903
23787.0000 807 234 0.2900
23820.0000 808 234 0.2896
23852.0000 809 234 0.2892
23861.0000 809 235 0.2905
23885.0000 810 235 0.2901
23915.0000 811 235 0.2898
23944.0000 812 235 0.2894
23973.0000 813 235 0.2891
24001.0000 814 235 0.2887
24035.0000 815 235 0.2883
24060.0000 816 235 0.2880
24060.5000 816 236 0.2892
24093.0000 817 236 0.2889
24126.0000 818 236 0.2885
24155.0000 819 236 0.2882
24177.0000 819 237 0.2894
24185.0000 820 237 0.2890
24219.0000 821 237 0.2887
24252.0000 822 237 0.2883
24281.0000 823 237 0.2880
24307.0000 824 237 0.2876
24327.5000 824 238 0.2888
24332.0000 825 238 0.2885
24335.0000 825 239 0.2897
24366.0000 826 239 0.2893
24396.0000 827 239 0.2890
24430.0000 828 239 0.2886
24464.0000 829 239 0.2883
24495.0000 830 239 0.2880
24502.0000 830 240 0.2892
24515.5000 830 241 0.2904
24527.0000 831 241 0.2900
24560.0000 832 241 0.2897
24568.5000 832 242 0.2909
24594.0000 833 242 0.2905
24621.0000 834 242 0.2902
24649.0000 835 242 0.2898
24681.0000 836 242 0.2895
24708.0000 837 242 0.2891
24733.0000 838 242 0.2888
24759.0000 839 242 0.2884
24777.5000 839 243 0.2896
24785.0000 840 243 0.2893
24804.5000 840 244 0.2905
24816.0000 841 244 0.2901
24842.0000 842 244 0.2898
24867.0000 843 244 0.2894
24901.0000 844 244 0.2891
24934.0000 845 244 0.2888
24959.0000 846 244 0.2884
24993.0000 847 244 0.2881
24999.5000 847 245 0.2893
25026.0000 848 245 0.2889
25058.0000 849 245 0.2886
25092.0000 850 245 0.2882
25117.0000 851 245 0.2879
25149.0000 852 245 0.2876
25149.5000 852 246 0.2887
25168.0000 852 247 0.2899
25180.0000 853 247 0.2896
25207.0000 854 247 0.2892
25241.0000 855 247 0.2889
25266.0000 856 247 0.2886
25295.0000 857 247 0.2882
25298.0000 857 248 0.2894
25327.0000 858 248 0.2890
25353.0000 859 248 0.2887
25387.0000 860 248 0.2884
25416.0000 861 248 0.2880
25441.0000 862 248 0.2877
25466.0000 862 249 0.2889
25474.0000 863 249 0.2885
25503.0000 864 249 0.2882
25535.0000 865 249 0.2879
25563.0000 866 249 0.2875
25590.0000 867 249 0.2872
25611.0000 867 250 0.2884
25616.0000 868 250 0.2880
25627.5000 868 251 0.2892
25649.0000 869 251 0.2888
25679.0000 870 251 0.2885
25708.0000 871 251 0.2882
25735.0000 872 251 0.2878
25765.0000 873 251 0.2875
25795.0000 874 251 0.2872
25817.5000 874 252 0.2883
25826.0000 875 252 0.2880
25852.0000 876 252 0.2877
25885.0000 877 252 0.2873
25914.0000 878 252 0.2870
25943.0000 879 252 0.2867
25970.0000 880 252 0.2864
26003.0000 881 252 0.2860
26029.0000 882 252 0.2857
26062.0000 883 252 0.2854
26064.0000 883 253 0.2865
26096.0000 884 253 0.2862
26100.5000 884 254 0.2873
26125.0000 885 254 0.2870
26147.5000 885 255 0.2881
26151.0000 886 255 0.2878
26183.0000 887 255 0.2875
26201.5000 887 256 0.2886
26209.0000 888 256 0.2883
26243.0000 889 256 0.2880
26243.5000 889 257 0.2891
26256.0000 889 258 0.2902
26268.0000 890 258 0.2899
26293.0000 891 258 0.2896
26321.0000 892 258 0.2892
26354.0000 893 258 0.2889
26379.0000 894 258 0.2886
26413.0000 895 258 0.2883
26439.0000 896 258 0.2879
26471.0000 897 258 0.2876
26505.0000 898 258 0.2873
26536.0000 899 258 0.2870
26570.0000 900 258 0.2867
26596.0000 901 258 0.2863
26629.0000 902 258 0.2860
26655.0000 903 258 0.2857
26684.0000 904 258 0.2854
26713.0000 905 258 0.2851
26738.0000 906 258 0.2848
26764.0000 907 258 0.2845
26790.0000 908 258 0.2841
26820.0000 909 258 0.2838
26854.0000 910 258 0.2835
26882.0000 911 258 0.2832
26912.0000 912 258 0.2829
26942.0000 913 258 0.2826
26974.0000 914 258 0.2823
27007.0000 915 258 0.2820
27033.0000 916 258 0.2817
27067.0000 917 258 0.2814
27077.0000 917 259 0.2824
27097.0000 918 259 0.2821
27124.0000 919 259 0.2818
27152.0000 920 259 0.2815
27175.5000 920 260 0.2826
27184.0000 921 260 0.2823
27212.0000 922 260 0.2820
27240.0000 923 260 0.2817
27267.0000 924 260 0.2814
27267.5000 924 261 0.2825
27268.5000 924 262 0.2835
27293.5000 924 263 0.2846
27294.0000 925 263 0.2843
27326.0000 926 263 0.2840
27356.0000 927 263 0.2837
27389.0000 928 263 0.2834
27416.0000 929 263 0.2831
27440.0000 929 264 0.2842
27441.0000 930 264 0.2839
27471.0000 931 264 0.2836
27504.0000 932 264 0.2833
27537.0000 933 264 0.2830
27566.0000 934 264 0.2827
27595.0000 935 264 0.2824
27626.0000 936 264 0.2821
27636.5000 936 265 0.2831
27655.0000 937 265 0.2828
27686.0000 938 265 0.2825
27693.0000 938 266 0.2836
27710.0000 938 267 0.2846
27714.0000 939 267 0.2843
27731.0000 939 268 0.2854
27744.0000 940 268 0.2851
27767.0000 940 269 0.2862
27771.0000 941 269 0.2859
27779.0000 941 270 0.2869
27796.0000 942 270 0.2866
27830.0000 943 270 0.2863
27863.0000 944 270 0.2860
27888.0000 945 270 0.2857
27920.0000 946 270 0.2854
27932.5000 946 271 0.2865
27952.0000 947 271 0.2862
27979.0000 948 271 0.2859
28004.0000 949 271 0.2856
28030.0000 950 271 0.2853
28062.0000 951 271 0.2850
28089.0000 952 271 0.2847
28119.0000 953 271 0.2844
28145.0000 954 271 0.2841
28171.0000 955 271 0.2838
28198.0000 956 271 0.2835
28228.0000 957 271 0.2832
28257.0000 958 271 0.2829
28291.0000 959 271 0.2826
28322.0000 960 271 0.2823
28348.0000 961 271 0.2820
28364.0000 961 272 0.2830
28379.0000 962 272 0.2827
28410.0000 963 272 0.2825
28444.0000 964 272 0.2822
28459.0000 964 273 0.2832
28477.0000 965 273 0.2829
28511.0000 966 273 0.2826
28543.0000 967 273 0.2823
28577.0000 968 273 0.2820
28606.0000 969 273 0.2817
28633.0000 970 273 0.2814
28661.0000 971 273 0.2812
28663.0000 971 274 0.2822
28695.0000 972 274 0.2819
28727.0000 973 274 0.2816
28755.0000 974 274 0.2813
28788.0000 975 274 0.2810
28813.0000 976 274 0.2807
28841.0000 977 274 0.2805
28875.0000 978 274 0.2802
28906.0000 979 274 0.2799
28936.0000 980 274 0.2796
28969.0000 981 274 0.2793
28996.0000 982 274 0.2790
29024.0000 983 274 0.2787
29044.5000 983 275 0.2798
29058.0000 984 275 0.2795
29086.0000 985 275 0.2792
29116.0000 986 275 0.2789
29150.0000 987 275 0.2786
29178.0000 988 275 0.2783
29211.0000 989 275 0.2781
29241.0000 990 275 0.2778
29259.5000 990 276 0.2788
29273.0000 991 276 0.2785
29302.0000 992 276 0.2782
29328.0000 993 276 0.2779
29352.0000 993 277 0.2790
29362.0000 994 277 0.2787
29389.0000 995 277 0.2784
29416.0000 996 277 0.2781
29445.0000 997 277 0.2778
29477.0000 998 277 0.2776
29503.0000 999 277 0.2773
29515.5000 999 278 0.2783
29533.0000 1000 278 0.2780
29549.0000 1000 279 0.2790
29560.0000 1001 279 0.2787
29563.5000 1001 280 0.2797
29591.0000 1002 280 0.2794
29620.0000 1003 280 0.2792
29650.0000 1004 280 0.2789
29680.0000 1005 280 0.2786
29705.0000 1006 280 0.2783
29732.0000 1007 280 0.2781
29765.0000 1008 280 0.2778
29790.0000 1008 281 0.2788
29795.0000 1009 281 0.2785
29826.0000 1010 281 0.2782
29840.5000 1010 282 0.2792
29856.0000 1011 282 0.2789
29881.0000 1012 282 0.2787
29884.5000 1012 283 0.2796
29914.0000 1013 283 0.2794
29944.0000 1014 283 0.2791
29957.0000 1014 284 0.2801
29958.0000 1014 285 0.2811
29975.0000 1015 285 0.2808
30007.0000 1016 285 0.2805
30015.5000 1016 286 0.2815
30033.0000 1017 286 0.2812
30067.0000 1018 286 0.2809
30073.0000 1018 287 0.2819
30101.0000 1019 287 0.2816
30134.0000 1020 287 0.2814
30167.0000 1021 287 0.2811
30192.0000 1022 287 0.2808
30226.0000 1023 287 0.2805
30237.0000 1023 288 0.2815
30260.0000 1024 288 0.2813
30288.0000 1025 288 0.2810
30305.0000 1025 289 0.2820
30318.0000 1026 289 0.2817
30352.0000 1027 289 0.2814
30385.0000 1028 289 0.2811
30412.0000 1029 289 0.2809
30446.0000 1030 289 0.2806
30475.0000 1031 289 0.2803
30503.0000 1032 289 0.2800
30504.0000 1032 290 0.2810
30504.0000 1032 291 0.2820
30536.0000 1033 291 0.2817
30569.0000 1034 291 0.2814
30570.0000 1034 292 0.2824
30594.0000 1035 292 0.2821
30623.0000 1036 292 0.2819
30648.0000 1037 292 0.2816
30680.0000 1038 292 0.2813
30707.0000 1039 292 0.2810
30735.0000 1040 292 0.2808
30757.0000 1040 293 0.2817
30758.0000 1040 294 0.2827
30769.0000 1041 294 0.2824
30802.0000 1042 294 0.2821
30805.0000 1042 295 0.2831
30831.0000 1043 295 0.2828
30831.5000 1043 296 0.2838
30857.0000 1044 296 0.2835
30890.0000 1045 296 0.2833
30921.0000 1046 296 0.2830
30950.0000 1047 296 0.2827
30982.0000 1048 296 0.2824
31013.0000 1049 296 0.2822
31043.0000 1050 296 0.2819
31076.0000 1051 296 0.2816
31105.0000 1052 296 0.2814
31139.0000 1053 296 0.2811
31172.0000 1054 296 0.2808
31198.0000 1055 296 0.2806
31221.5000 1055 297 0.2815
31228.0000 1056 297 0.2813
31255.0000 1057 297 0.2810
31289.0000 1058 297 0.2807
31292.0000 1058 298 0.2817
31319.0000 1059 298 0.2814
31339.0000 1059 299 0.2823
31353.0000 1060 299 0.2821
31379.0000 1061 299 0.2818
31408.0000 1062 299 0.2815
31436.0000 1063 299 0.2813
31464.0000 1064 299 0.2810
31489.0000 1065 299 0.2808
31519.0000 1066 299 0.2805
31546.5000 1066 300 0.2814
31552.0000 1067 300 0.2812
31577.0000 1068 300 0.2809
31602.0000 1069 300 0.2806
31631.0000 1070 300 0.2804
31663.0000 1071 300 0.2801
31697.0000 1072 300 0.2799
31728.0000 1073 300 0.2796
31755.0000 1074 300 0.2793
31785.0000 1075 300 0.2791
31814.0000 1076 300 0.2788
31839.0000 1077 300 0.2786
31872.0000 1078 300 0.2783
31906.0000 1079 300 0.2780
31934.0000 1080 300 0.2778
31961.0000 1081 300 0.2775
31973.5000 1081 301 0.2784
31991.0000 1082 301 0.2782
32018.0000 1083 301 0.2779
32045.0000 1084 301 0.2777
32078.0000 1085 301 0.2774
32105.0000 1086 301 0.2772
32136.0000 1087 301 0.2769
32169.0000 1088 301 0.2767
32197.0000 1089 301 0.2764
32228.0000 1090 301 0.2761
32251.5000 1090 302 0.2771
32258.0000 1091 302 0.2768
32259.5000 1091 303 0.2777
32286.0000 1092 303 0.2775
32320.0000 1093 303 0.2772
32346.0000 1094 303 0.2770
32376.0000 1095 303 0.2767
32376.5000 1095 304 0.2776
32403.0000 1096 304 0.2774
32406.5000 1096 305 0.2783
32414.5000 1096 306 0.2792
32433.0000 1097 306 0.2789
32459.0000 1098 306 0.2787
32493.0000 1099 306 0.2784
32526.0000 1100 306 0.2782
32543.0000 1100 307 0.2791
32546.5000 1100 308 0.2800
32557.0000 1101 308 0.2797
32587.0000 1102 308 0.2795
32616.0000 1103 308 0.2792
32640.0000 1103 309 0.2801
32643.0000 1104 309 0.2799
32654.0000 1104 310 0.2808
32654.5000 1104 311 0.2817
32672.0000 1105 311 0.2814
32679.0000 1105 312 0.2824
32691.0000 1105 313 0.2833
32703.0000 1106 313 0.2830
32734.0000 1107 313 0.2827
32750.0000 1107 314 0.2836
32763.0000 1108 314 0.2834
32794.0000 1108 315 0.2843
32797.0000 1109 315 0.2840
32811.5000 1109 316 0.2849
32812.0000 1109 317 0.2858
32826.0000 1110 317 0.2856
32855.0000 1111 317 0.2853
32870.0000 1111 318 0.2862
32888.0000 1112 318 0.2860
32904.5000 1112 319 0.2869
32913.0000 1113 319 0.2866
32941.0000 1114 319 0.2864
32970.0000 1115 319 0.2861
32995.0000 1116 319 0.2858
33025.0000 1117 319 0.2856
33025.5000 1117 320 0.2865
33057.0000 1118 320 0.2862
33086.0000 1119 320 0.2860
33113.0000 1120 320 0.2857
33114.0000 1120 321 0.2866
33114.5000 1120 322 0.2875
33132.5000 1120 323 0.2884
33139.0000 1121 323 0.2881
33141.5000 1121 324 0.2890
33142.0000 1121 325 0.2899
33165.0000 1122 325 0.2897
33196.0000 1123 325 0.2894
33229.0000 1124 325 0.2891
33261.0000 1125 325 0.2889
33288.0000 1126 325 0.2886
33318.0000 1127 325 0.2884
33349.0000 1128 325 0.2881
33375.0000 1129 325 0.2879
33400.0000 1130 325 0.2876
33426.0000 1131 325 0.2874
33457.5000 1131 326 0.2882
33459.0000 1132 326 0.2880
33493.0000 1133 326 0.2877
33522.0000 1134 326 0.2875
33556.0000 1135 326 0.2872
33583.0000 1136 326 0.2870
33608.0000 1137 326 0.2867
33635.0000 1138 326 0.2865
33662.0000 1139 326 0.2862
33690.0000 1140 326 0.2860
33695.5000 1140 327 0.2868
33723.0000 1141 327 0.2866
33755.0000 1142 327 0.2863
33783.0000 1143 327 0.2861
33813.0000 1144 327 0.2858
33824.5000 1144 328 0.2867
33838.0000 1145 328 0.2865
33865.0000 1146 328 0.2862
33893.0000 1147 328 0.2860
33921.0000 1148 328 0.2857
33953.0000 1149 328 0.2855
33983.0000 1150 328 0.2852
34008.0000 1151 328 0.2850
34010.0000 1151 329 0.2858
34013.0000 1151 330 0.2867
34037.0000 1152 330 0.2865
34063.0000 1153 330 0.2862
34096.0000 1154 330 0.2860
34097.5000 1154 331 0.2868
34128.0000 1155 331 0.2866
34160.0000 1156 331 0.2863
34190.0000 1156 332 0.2872
34193.0000 1157 332 0.2869
34205.5000 1157 333 0.2878
34220.0000 1157 334 0.2887
34226.0000 1158 334 0.2884
34253.0000 1159 334 0.2882
34279.0000 1160 334 0.2879
34309.0000 1161 334 0.2877
34337.0000 1161 335 0.2885
34343.0000 1162 335 0.2883
34355.5000 1162 336 0.2892
34371.0000 1163 336 0.2889
34403.0000 1164 336 0.2887
34434.0000 1165 336 0.2884
34434.5000 1165 337 0.2893
34459.0000 1166 337 0.2890
34488.0000 1167 337 0.2888
34521.0000 1168 337 0.2885
34552.0000 1169 337 0.2883
34569.5000 1169 338 0.2891
34578.0000 1170 338 0.2889
34608.5000 1170 339 0.2897
34610.0000 1171 339 0.2895
34640.0000 1172 339 0.2892
34669.0000 1173 339 0.2890
34694.0000 1174 339 0.2888
34722.0000 1175 339 0.2885
34756.0000 1176 339 0.2883
34763.5000 1176 340 0.2891
34782.0000 1177 340 0.2889
34807.0000 1178 340 0.2886
34820.0000 1178 341 0.2895
34837.0000 1178 342 0.2903
34840.0000 1179 342 0.2901
34840.0000 1179 343 0.2909
34855.5000 1179 344 0.2918
34869.0000 1180 344 0.2915
34880.0000 1180 345 0.2924
34895.0000 1181 345 0.2921
34918.0000 1181 346 0.2930
34918.5000 1181 347 0.2938
34920.0000 1182 347 0.2936
34952.0000 1183 347 0.2933
34985.0000 1184 347 0.2931
34999.0000 1184 348 0.2939
35012.0000 1185 348 0.2937
35042.0000 1186 348 0.2934
35074.0000 1187 348 0.2932
35105.0000 1188 348 0.2929
35139.0000 1189 348 0.2927
35173.0000 1190 348 0.2924
35179.5000 1190 349 0.2933
35192.5000 1190 350 0.2941
35203.0000 1191 350 0.2939
35224.5000 1191 351 0.2947
35234.0000 1192 351 0.2945
35246.0000 1192 352 0.2953
35262.0000 1193 352 0.2951
35289.0000 1194 352 0.2948
35323.0000 1195 352 0.2946
35351.0000 1196 352 0.2943
35359.0000 1196 353 0.2952
35380.0000 1197 353 0.2949
35409.0000 1197 354 0.2957
35414.0000 1198 354 0.2955
35436.5000 1198 355 0.2963
35441.0000 1199 355 0.2961
35475.0000 1200 355 0.2958
35482.5000 1200 356 0.2967
35503.0000 1201 356 0.2964
35533.0000 1202 356 0.2962
35564.0000 1203 356 0.2959
35590.0000 1204 356 0.2957
35615.0000 1205 356 0.2954
35624.5000 1205 357 0.2963
35640.0000 1206 357 0.2960
35672.0000 1207 357 0.2958
35701.0000 1208 357 0.2955
35708.5000 1208 358 0.2964
35726.0000 1209 358 0.2961
35755.0000 1210 358 0.2959
35783.0000 1211 358 0.2956
35813.0000 1212 358 0.2954
35817.5000 1212 359 0.2962
35842.0000 1213 359 0.2960
35872.0000 1214 359 0.2957
35906.0000 1215 359 0.2955
35913.5000 1215 360 0.2963
35935.0000 1216 360 0.2961
35936.0000 1216 361 0.2969
35962.0000 1217 361 0.2966
35963.0000 1217 362 0.2975
35994.5000 1217 363 0.2983
35996.0000 1218 363 0.2980
36022.5000 1218 364 0.2989
36027.0000 1219 364 0.2986
36059.0000 1220 364 0.2984
36088.0000 1221 364 0.2981
36100.0000 1221 365 0.2989
36114.0000 1222 365 0.2987
36137.0000 1222 366 0.2995
36139.0000 1223 366 0.2993
36172.0000 1224 366 0.2990
36201.0000 1225 366 0.2988
36227.0000 1226 366 0.2985
36261.0000 1227 366 0.2983
36287.0000 1228 366 0.2980
36318.0000 1229 366 0.2978
36348.0000 1229 367 0.2986
36352.0000 1230 367 0.2984
36369.0000 1230 368 0.2992
36380.0000 1231 368 0.2989
36382.0000 1231 369 0.2998
36411.0000 1232 369 0.2995
36418.5000 1232 370 0.3003
36442.0000 1233 370 0.3001
36444.0000 1233 371 0.3009
36472.0000 1234 371 0.3006
36498.0000 1235 371 0.3004
36525.0000 1236 371 0.3002
36543.5000 1236 372 0.3010
36559.0000 1237 372 0.3007
36589.0000 1238 372 0.3005
36596.5000 1238 373 0.3013
36617.0000 1239 373 0.3010
36647.0000 1240 373 0.3008
36677.0000 1241 373 0.3006
36710.0000 1242 373 0.3003
36740.0000 1243 373 0.3001
36765.0000 1244 373 0.2998
36790.0000 1245 373 0.2996
36820.0000 1246 373 0.2994
36848.0000 1247 373 0.2991
36876.0000 1248 373 0.2989
36876.5000 1248 374 0.2997
36910.0000 1249 374 0.2994
36931.0000 1249 375 0.3002
36939.0000 1250 375 0.3000
36943.0000 1250 376 0.3008
36951.0000 1250 377 0.3016
36968.0000 1251 377 0.3014
36979.0000 1251 378 0.3022
36997.0000 1252 378 0.3019
36999.0000 1252 379 0.3027
36999.5000 1252 380 0.3035
37023.0000 1253 380 0.3033
37032.0000 1253 381 0.3041
37055.0000 1254 381 0.3038
37084.0000 1255 381 0.3036
37114.0000 1256 381 0.3033
37145.0000 1257 381 0.3031
37147.0000 1257 382 0.3039
37179.0000 1258 382 0.3037
37208.0000 1259 382 0.3034
37239.0000 1260 382 0.3032
37264.0000 1260 383 0.3040
37270.0000 1261 383 0.3037
37303.0000 1262 383 0.3035
37333.0000 1263 383 0.3032
37359.5000 1263 384 0.3040
37362.0000 1264 384 0.3038
37392.0000 1265 384 0.3036
37403.5000 1265 385 0.3043
37426.0000 1266 385 0.3041
37456.0000 1267 385 0.3039
37489.0000 1268 385 0.3036
37519.0000 1269 385 0.3034
37546.0000 1270 385 0.3031
37571.0000 1271 385 0.3029
37598.0000 1272 385 0.3027
37624.0000 1273 385 0.3024
37650.0000 1274 385 0.3022
37661.5000 1274 386 0.3030
37684.0000 1275 386 0.3027
37713.0000 1276 386 0.3025
37747.0000 1277 386 0.3023
37779.0000 1278 386 0.3020
37811.0000 1279 386 0.3018
37838.0000 1280 386 0.3016
37869.0000 1281 386 0.3013
37895.0000 1282 386 0.3011
37922.0000 1283 386 0.3009
37947.0000 1284 386 0.3006
37958.0000 1284 387 0.3014
37969.0000 1284 388 0.3022
37973.0000 1285 388 0.3019
37999.0000 1286 388 0.3017
38019.0000 1286 389 0.3025
38032.0000 1287 389 0.3023
38062.0000 1288 389 0.3020
38064.5000 1288 390 0.3028
38095.0000 1289 390 0.3026
38123.0000 1290 390 0.3023
38146.5000 1290 391 0.3031
38149.0000 1291 391 0.3029
38181.0000 1292 391 0.3026
38196.0000 1292 392 0.3034
38212.0000 1293 392 0.3032
38212.0000 1293 393 0.3039
38243.0000 1294 393 0.3037
38272.0000 1295 393 0.3035
38295.0000 1295 394 0.3042
38304.0000 1296 394 0.3040
38320.5000 1296 395 0.3048
38333.0000 1297 395 0.3045
38366.0000 1298 395 0.3043
38391.0000 1299 395 0.3041
38421.0000 1300 395 0.3038
38450.0000 1301 395 0.3036
38464.5000 1301 396 0.3044
38483.0000 1302 396 0.3041
38511.0000 1303 396 0.3039
38536.0000 1304 396 0.3037
38564.0000 1305 396 0.3034
38565.5000 1305 397 0.3042
38591.0000 1306 397 0.3040
38593.5000 1306 398 0.3047
38594.5000 1306 399 0.3055
38624.0000 1307 399 0.3053
38635.5000 1307 400 0.3060
38651.0000 1308 400 0.3058
38682.0000 1309 400 0.3056
38710.0000 1310 400 0.3053
38738.0000 1311 400 0.3051
38764.0000 1312 400 0.3049
38795.0000 1313 400 0.3046
38818.0000 1313 401 0.3054
38819.0000 1313 402 0.3062
38823.0000 1314 402 0.3059
38851.0000 1315 402 0.3057
38877.0000 1316 402 0.3055
38904.0000 1317 402 0.3052
38938.0000 1318 402 0.3050
38964.0000 1319 402 0.3048
38998.0000 1320 402 0.3045
39032.0000 1321 402 0.3043
39057.0000 1322 402 0.3041
39079.5000 1322 403 0.3048
39084.0000 1323 403 0.3046
39112.0000 1324 403 0.3044
39130.0000 1324 404 0.3051
39145.0000 1325 404 0.3049
39171.0000 1326 404 0.3047
39179.0000 1326 405 0.3054
39191.5000 1326 406 0.3062
39203.0000 1327 406 0.3060
39223.0000 1327 407 0.3067
39230.0000 1328 407 0.3065
39257.0000 1329 407 0.3062
39265.0000 1329 408 0.3070
39283.0000 1330 408 0.3068
39308.0000 1331 408 0.3065
39336.0000 1332 408 0.3063
39369.0000 1333 408 0.3061
39396.0000 1334 408 0.3058
39396.5000 1334 409 0.3066
39422.0000 1335 409 0.3064
39426.0000 1335 410 0.3071
39443.5000 1335 411 0.3079
39448.0000 1336 411 0.3076
39482.0000 1337 411 0.3074
39509.0000 1338 411 0.3072
39535.0000 1339 411 0.3069
39565.0000 1340 411 0.3067
39598.0000 1341 411 0.3065
39624.0000 1342 411 0.3063
39656.0000 1343 411 0.3060
39685.0000 1344 411 0.3058
39714.0000 1345 411 0.3056
39741.0000 1346 411 0.3053
39748.5000 1346 412 0.3061
39763.5000 1346 413 0.3068
39775.0000 1347 413 0.3066
39778.5000 1347 414 0.3073
39807.0000 1348 414 0.3071
39838.0000 1349 414 0.3069
39842.5000 1349 415 0.3076
39863.0000 1350 415 0.3074
39897.0000 1351 415 0.3072
39923.0000 1352 415 0.3070
39949.0000 1353 415 0.3067
39964.0000 1353 416 0.3075
39982.0000 1354 416 0.3072
39982.0000 1354 417 0.3080
40010.0000 1355 417 0.3077
40011.5000 1355 418 0.3085
40044.0000 1356 418 0.3083
40066.0000 1356 419 0.3090
40071.0000 1357 419 0.3088
40078.0000 1357 420 0.3095
40103.0000 1358 420 0.3093
40137.0000 1359 420 0.3091
40171.0000 1360 420 0.3088
40198.0000 1361 420 0.3086
40224.0000 1362 420 0.3084
40237.0000 1362 421 0.3091
40253.0000 1363 421 0.3089
40287.0000 1364 421 0.3087
40298.5000 1364 422 0.3094
40320.0000 1365 422 0.3092
40350.0000 1366 422 0.3089
40377.0000 1367 422 0.3087
40409.0000 1368 422 0.3085
40440.0000 1369 422 0.3083
40471.0000 1370 422 0.3080
40503.0000 1371 422 0.3078
40513.5000 1371 423 0.3085
40535.0000 1372 423 0.3083
40567.0000 1373 423 0.3081
40592.0000 1374 423 0.3079
40612.5000 1374 424 0.3086
40626.0000 1375 424 0.3084
40655.0000 1376 424 0.3081
40685.0000 1377 424 0.3079
40710.0000 1378 424 0.3077
40738.0000 1379 424 0.3075
40771.0000 1380 424 0.3072
40796.0000 1381 424 0.3070
40823.0000 1382 424 0.3068
40849.0000 1383 424 0.3066
40883.0000 1384 424 0.3064
40915.0000 1385 424 0.3061
40948.0000 1386 424 0.3059
40974.0000 1387 424 0.3057
41000.0000 1388 424 0.3055
41026.0000 1389 424 0.3053
41031.5000 1389 425 0.3060
41051.0000 1390 425 0.3058
41056.0000 1390 426 0.3065
41080.0000 1391 426 0.3063
41112.0000 1392 426 0.3060
41143.0000 1393 426 0.3058
41175.0000 1394 426 0.3056
41193.0000 1394 427 0.3063
41205.0000 1395 427 0.3061
41236.0000 1396 427 0.3059
41262.0000 1397 427 0.3057
41290.0000 1398 427 0.3054
41293.0000 1398 428 0.3062
41324.0000 1399 428 0.3059
41353.0000 1400 428 0.3057
41366.0000 1400 429 0.3064
41379.0000 1401 429 0.3062
41409.0000 1402 429 0.3060
41443.0000 1403 429 0.3058
41469.0000 1404 429 0.3056
41500.0000 1405 429 0.3053
41526.0000 1406 429 0.3051
41552.0000 1407 429 0.3049
41580.0000 1408 429 0.3047
41593.5000 1408 430 0.3054
41606.0000 1409 430 0.3052
41637.0000 1410 430 0.3050
41664.0000 1411 430 0.3047
41691.0000 1412 430 0.3045
41718.0000 1413 430 0.3043
41744.5000 1413 431 0.3050
41752.0000 1414 431 0.3048
41752.5000 1414 432 0.3055
41777.0000 1415 432 0.3053
41810.0000 1416 432 0.3051
41810.5000 1416 433 0.3058
41837.0000 1417 433 0.3056
41854.0000 1417 434 0.3063
41865.0000 1418 434 0.3061
41898.0000 1419 434 0.3058
41923.0000 1420 434 0.3056
41953.0000 1421 434 0.3054
41983.0000 1422 434 0.3052
42009.0000 1423 434 0.3050
42037.0000 1424 434 0.3048
42067.0000 1425 434 0.3046
42094.0000 1426 434 0.3043
42123.0000 1427 434 0.3041
42152.5000 1427 435 0.3048
42154.0000 1428 435 0.3046
42180.0000 1429 435 0.3044
42208.0000 1430 435 0.3042
42238.0000 1431 435 0.3040
42263.0000 1432 435 0.3038
42288.0000 1433 435 0.3036
42314.0000 1434 435 0.3033
42342.0000 1435 435 0.3031
42367.0000 1436 435 0.3029
42394.0000 1437 435 0.3027
42427.0000 1438 435 0.3025
42460.0000 1439 435 0.3023
42489.0000 1440 435 0.3021
42517.0000 1441 435 0.3019
42518.5000 1441 436 0.3026
42547.0000 1442 436 0.3024
42579.0000 1443 436 0.3021
42610.0000 1444 436 0.3019
42642.0000 1445 436 0.3017
42649.5000 1445 437 0.3024
42675.0000 1446 437 0.3022
42700.0000 1447 437 0.3020
42727.0000 1448 437 0.3018
42757.0000 1449 437 0.3016
42783.0000 1450 437 0.3014
42785.0000 1450 438 0.3021
42817.0000 1451 438 0.3019
42843.0000 1452 438 0.3017
42875.0000 1453 438 0.3014
42900.0000 1454 438 0.3012
42925.0000 1455 438 0.3010
42949.0000 1455 439 0.3017
42958.0000 1456 439 0.3015
42986.0000 1457 439 0.3013
42996.0000 1457 440 0.3020
43012.0000 1458 440 0.3018
43041.0000 1459 440 0.3016
43068.0000 1460 440 0.3014
43079.0000 1460 441 0.3021
43096.0000 1461 441 0.3018
43126.0000 1462 441 0.3016
43132.5000 1462 442 0.3023
43135.5000 1462 443 0.3030
43154.0000 1463 443 0.3028
43180.0000 1464 443 0.3026
43181.5000 1464 444 0.3033
43199.5000 1464 445 0.3040
43207.0000 1465 445 0.3038
43211.5000 1465 446 0.3044
43239.0000 1466 446 0.3042
43266.0000 1467 446 0.3040
43299.0000 1468 446 0.3038
43304.5000 1468 447 0.3045
43323.5000 1468 448 0.3052
43332.0000 1469 448 0.3050
43364.0000 1470 448 0.3048
43389.0000 1471 448 0.3046
43407.0000 1471 449 0.3052
43417.0000 1472 449 0.3050
43443.0000 1473 449 0.3048
43453.5000 1473 450 0.3055
43472.0000 1474 450 0.3053
43502.0000 1475 450 0.3051
43505.5000 1475 451 0.3058
43535.0000 1476 451 0.3056
43566.0000 1477 451 0.3053
43566.5000 1477 452 0.3060
43596.0000 1478 452 0.3058
43630.0000 1479 452 0.3056
43656.0000 1480 452 0.3054
43680.5000 1480 453 0.3061
43682.0000 1481 453 0.3059
43707.0000 1482 453 0.3057
43741.0000 1483 453 0.3055
43768.0000 1484 453 0.3053
43774.5000 1484 454 0.3059
43798.0000 1485 454 0.3057
43830.5000 1485 455 0.3064
43831.0000 1486 455 0.3062
43844.0000 1486 456 0.3069
43864.0000 1487 456 0.3067
43893.0000 1488 456 0.3065
43898.5000 1488 457 0.3071
43921.0000 1489 457 0.3069
43954.0000 1490 457 0.3067
43988.0000 1491 457 0.3065
44015.0000 1492 457 0.3063
44046.0000 1493 457 0.3061
44077.0000 1494 457 0.3059
44102.0000 1495 457 0.3057
44128.0000 1496 457 0.3055
44155.0000 1497 457 0.3053
44183.0000 1498 457 0.3051
44209.0000 1499 457 0.3049
44241.0000 1500 457 0.3047
44274.0000 1501 457 0.3045
44284.5000 1501 458 0.3051
44306.5000 1501 459 0.3058
44308.0000 1502 459 0.3056
44334.0000 1503 459 0.3054
44352.0000 1503 460 0.3061
44359.0000 1504 460 0.3059
44390.0000 1505 460 0.3056
44400.5000 1505 461 0.3063
44424.0000 1506 461 0.3061
44426.0000 1506 462 0.3068
44450.0000 1507 462 0.3066
44478.0000 1508 462 0.3064
44510.0000 1508 463 0.3070
44511.0000 1509 463 0.3068
44512.0000 1509 464 0.3075
44539.0000 1510 464 0.3073
44566.0000 1511 464 0.3071
44596.0000 1512 464 0.3069
44596.5000 1512 465 0.3075
44625.0000 1513 465 0.3073
44657.0000 1514 465 0.3071
44686.0000 1515 465 0.3069
44713.0000 1516 465 0.3067
44717.5000 1516 466 0.3074
44740.0000 1517 466 0.3072
44772.0000 1518 466 0.3070
44795.5000 1518 467 0.3076
44797.0000 1519 467 0.3074
44826.0000 1520 467 0.3072
44844.5000 1520 468 0.3079
44849.0000 1520 469 0.3086
44852.0000 1521 469 0.3083
44884.0000 1522 469 0.3081
44886.5000 1522 470 0.3088
44887.0000 1522 471 0.3095
44896.0000 1522 472 0.3101
44901.0000 1522 473 0.3108
44902.0000 1522 474 0.3114
44910.0000 1523 474 0.3112
44920.0000 1523 475 0.3119
44936.0000 1524 475 0.3117
44970.0000 1525 475 0.3115
44996.0000 1526 475 0.3113
45006.5000 1526 476 0.3119
45028.0000 1527 476 0.3117
45053.0000 1528 476 0.3115
45081.0000 1529 476 0.3113
45105.5000 1529 477 0.3120
45113.0000 1530 477 0.3118
45139.0000 1531 477 0.3116
45139.5000 1531 478 0.3122
45146.0000 1531 479 0.3129
45170.0000 1532 479 0.3127
45177.5000 1532 480 0.3133
45203.0000 1533 480 0.3131
45231.0000 1534 480 0.3129
45264.0000 1535 480 0.3127
45293.0000 1536 480 0.3125
45310.5000 1536 481 0.3132
45327.0000 1537 481 0.3129
45356.5000 1537 482 0.3136
45358.0000 1538 482 0.3134
45384.0000 1539 482 0.3132
45414.0000 1540 482 0.3130
45444.0000 1541 482 0.3128
45445.5000 1541 483 0.3134
45446.0000 1541 484 0.3141
45469.0000 1542 484 0.3139
45470.0000 1542 485 0.3145
45502.0000 1543 485 0.3143
45536.0000 1544 485 0.3141
45537.0000 1544 486 0.3148
45539.0000 1544 487 0.3154
45567.0000 1545 487 0.3152
45594.0000 1546 487 0.3150
45622.0000 1547 487 0.3148
45654.0000 1548 487 0.3146
45674.0000 1548 488 0.3152
45688.0000 1549 488 0.3150
45713.0000 1550 488 0.3148
45747.0000 1551 488 0.3146
45777.0000 1552 488 0.3144
45808.0000 1553 488 0.3142
45834.0000 1554 488 0.3140
45853.5000 1554 489 0.3147
45863.0000 1555 489 0.3145
45892.0000 1556 489 0.3143
45926.0000 1557 489 0.3141
45956.0000 1558 489 0.3139
45972.0000 1558 490 0.3145
45983.0000 1559 490 0.3143
46016.0000 1560 490 0.3141
46047.0000 1561 490 0.3139
46075.0000 1562 490 0.3137
46107.0000 1563 490 0.3135
46119.0000 1563 491 0.3141
46134.0000 1564 491 0.3139
46165.0000 1565 491 0.3137
46198.0000 1566 491 0.3135
46229.0000 1567 491 0.3133
46232.0000 1567 492 0.3140
46258.0000 1568 492 0.3138
46288.0000 1569 492 0.3136
46314.0000 1570 492 0.3134
46345.0000 1571 492 0.3132
46376.0000 1572 492 0.3130
46409.0000 1573 492 0.3128
46443.0000 1574 492 0.3126
46474.0000 1575 492 0.3124
46503.0000 1576 492 0.3122
46535.0000 1577 492 0.3120
46567.0000 1578 492 0.3118
46599.0000 1579 492 0.3116
46624.0000 1580 492 0.3114
46652.0000 1581 492 0.3112
46685.0000 1582 492 0.3110
46712.0000 1583 492 0.3108
46742.0000 1584 492 0.3106
46772.0000 1585 492 0.3104
46800.0000 1586 492 0.3102
46832.0000 1587 492 0.3100
46863.0000 1588 492 0.3098
46888.0000 1589 492 0.3096
46915.0000 1590 492 0.3094
46945.0000 1591 492 0.3092
46971.5000 1591 493 0.3099
46972.0000 1592 493 0.3097
46997.0000 1593 493 0.3095
47030.0000 1594 493 0.3093
47059.0000 1595 493 0.3091
47092.0000 1596 493 0.3089
47119.0000 1597 493 0.3087
47145.0000 1598 493 0.3085
47155.5000 1598 494 0.3091
47174.0000 1599 494 0.3089
47199.0000 1600 494 0.3088
47211.5000 1600 495 0.3094
47233.0000 1601 495 0.3092
47260.0000 1602 495 0.3090
47262.0000 1602 496 0.3096
47291.0000 1603 496 0.3094
47325.0000 1604 496 0.3092
47356.0000 1605 496 0.3090
47388.0000 1606 496 0.3088
47389.0000 1606 497 0.3095
47418.0000 1607 497 0.3093
47451.0000 1608 497 0.3091
47484.0000 1609 497 0.3089
47505.5000 1609 498 0.3095
47516.0000 1610 498 0.3093
47542.0000 1611 498 0.3091
47568.0000 1611 499 0.3097
47570.0000 1612 499 0.3096
47596.0000 1613 499 0.3094
47627.0000 1614 499 0.3092
47659.0000 1615 499 0.3090
47684.0000 1615 500 0.3096
47691.0000 1616 500 0.3094
47721.0000 1617 500 0.3092
47750.0000 1618 500 0.3090
47765.0000 1618 501 0.3096
47776.0000 1618 502 0.3103
47780.0000 1619 502 0.3101
47811.0000 1620 502 0.3099
47837.0000 1621 502 0.3097
47870.0000 1622 502 0.3095
47898.0000 1623 502 0.3093
47923.0000 1624 502 0.3091
47956.0000 1625 502 0.3089
47984.0000 1626 502 0.3087
48011.0000 1627 502 0.3085
48045.0000 1628 502 0.3084
48070.0000 1629 502 0.3082
48099.0000 1630 502 0.3080
48131.0000 1631 502 0.3078
48144.5000 1631 503 0.3084
48158.0000 1632 503 0.3082
48175.5000 1632 504 0.3088
48184.0000 1633 504 0.3086
48217.0000 1634 504 0.3084
48249.0000 1635 504 0.3083
48283.0000 1636 504 0.3081
48312.0000 1637 504 0.3079
48342.0000 1638 504 0.3077
48375.0000 1639 504 0.3075
48406.0000 1640 504 0.3073
48437.0000 1641 504 0.3071
48465.0000 1642 504 0.3069
48490.0000 1643 504 0.3068
48510.0000 1643 505 0.3074
48510.5000 1643 506 0.3080
48520.0000 1644 506 0.3078
48536.5000 1644 507 0.3084
48550.0000 1645 507 0.3082
48575.0000 1646 507 0.3080
48602.0000 1647 507 0.3078
48627.0000 1648 507 0.3076
48656.0000 1649 507 0.3075
48674.5000 1649 508 0.3081
48682.0000 1650 508 0.3079
48700.0000 1650 509 0.3085
48709.0000 1651 509 0.3083
48737.0000 1652 509 0.3081
48765.0000 1653 509 0.3079
48797.0000 1654 509 0.3077
48813.5000 1654 510 0.3083
48830.0000 1655 510 0.3082
48844.0000 1655 511 0.3088
48856.0000 1656 511 0.3086
48885.0000 1657 511 0.3084
48918.0000 1658 511 0.3082
48945.0000 1659 511 0.3080
48970.0000 1660 511 0.3078
48995.0000 1661 511 0.3076
49028.0000 1662 511 0.3075
49054.0000 1663 511 0.3073
49082.0000 1664 511 0.3071
49114.0000 1665 511 0.3069
49144.0000 1666 511 0.3067
49169.0000 1667 511 0.3065
49196.0000 1668 511 0.3064
49219.5000 1668 512 0.3070
49226.0000 1669 512 0.3068
49260.0000 1670 512 0.3066
49285.0000 1671 512 0.3064
49285.5000 1671 513 0.3070
49315.0000 1672 513 0.3068
49340.0000 1673 513 0.3066
49362.5000 1673 514 0.3072
49370.0000 1674 514 0.3070
49400.0000 1675 514 0.3069
49430.0000 1676 514 0.3067
49458.0000 1677 514 0.3065
49492.0000 1678 514 0.3063
49525.0000 1679 514 0.3061
49551.0000 1680 514 0.3060
49579.0000 1681 514 0.3058
49611.0000 1682 514 0.3056
49640.0000 1683 514 0.3054
49666.0000 1684 514 0.3052
49698.0000 1685 514 0.3050
49723.0000 1686 514 0.3049
49748.0000 1687 514 0.3047
49774.0000 1688 514 0.3045
49806.0000 1689 514 0.3043
49808.5000 1689 515 0.3049
49837.0000 1690 515 0.3047
49844.0000 1690 516 0.3053
49865.0000 1691 516 0.3051
49866.0000 1691 517 0.3057
49890.0000 1692 517 0.3056
49911.5000 1692 518 0.3061
49915.0000 1693 518 0.3060
49941.0000 1694 518 0.3058
49972.0000 1695 518 0.3056
50006.0000 1696 518 0.3054
50031.0000 1697 518 0.3052
50064.0000 1698 518 0.3051
50091.0000 1699 518 0.3049
50118.0000 1700 518 0.3047
50149.0000 1701 518 0.3045
50167.0000 1701 519 0.3051
50171.5000 1701 520 0.3057
50181.0000 1702 520 0.3055
50181.5000 1702 521 0.3061
50211.0000 1703 521 0.3059
50238.0000 1704 521 0.3058
50267.0000 1705 521 0.3056
50278.0000 1705 522 0.3062
50300.0000 1706 522 0.3060
50325.0000 1706 523 0.3066
50326.0000 1707 523 0.3064
50341.5000 1707 524 0.3070
50351.0000 1708 524 0.3068
50381.0000 1709 524 0.3066
50391.5000 1709 525 0.3072
50413.0000 1710 525 0.3070
50443.0000 1711 525 0.3068
50460.5000 1711 526 0.3074
50473.0000 1712 526 0.3072
50503.0000 1713 526 0.3071
50533.0000 1714 526 0.3069
50562.0000 1715 526 0.3067
50562.5000 1715 527 0.3073
50590.0000 1716 527 0.3071
50616.0000 1717 527 0.3069
50641.0000 1718 527 0.3068
50641.5000 1718 528 0.3073
50675.0000 1719 528 0.3072
50708.0000 1720 528 0.3070
50734.0000 1721 528 0.3068
50741.5000 1721 529 0.3074
50759.0000 1722 529 0.3072
50784.0000 1723 529 0.3070
50811.0000 1724 529 0.3068
50843.0000 1725 529 0.3067
50863.5000 1725 530 0.3072
50877.0000 1726 530 0.3071
50877.5000 1726 531 0.3076
50909.0000 1727 531 0.3075
50940.0000 1728 531 0.3073
50962.0000 1728 532 0.3079
50966.0000 1729 532 0.3077
50993.0000 1730 532 0.3075
51019.0000 1731 532 0.3073
51033.5000 1731 533 0.3079
51039.5000 1731 534 0.3085
51049.0000 1732 534 0.3083
51079.0000 1733 534 0.3081
51105.0000 1734 534 0.3080
51131.0000 1735 534 0.3078
51160.0000 1736 534 0.3076
51161.5000 1736 535 0.3082
51186.0000 1737 535 0.3080
51214.0000 1738 535 0.3078
51248.0000 1739 535 0.3076
51278.0000 1740 535 0.3075
51312.0000 1741 535 0.3073
51346.0000 1742 535 0.3071
51380.0000 1743 535 0.3069
51382.5000 1743 536 0.3075
51413.0000 1744 536 0.3073
51441.0000 1745 536 0.3072
51468.0000 1746 536 0.3070
51477.0000 1746 537 0.3076
51490.5000 1746 538 0.3081
51498.0000 1747 538 0.3080
51524.0000 1748 538 0.3078
51534.5000 1748 539 0.3084
51556.0000 1749 539 0.3082
51585.0000 1750 539 0.3080
51611.0000 1751 539 0.3078
51637.0000 1752 539 0.3076
51657.0000 1752 540 0.3082
51671.0000 1753 540 0.3080
51700.0000 1754 540 0.3079
51727.0000 1755 540 0.3077
51760.0000 1756 540 0.3075
51788.0000 1757 540 0.3073
51819.0000 1758 540 0.3072
51846.0000 1759 540 0.3070
51876.0000 1760 540 0.3068
51902.0000 1760 541 0.3074
51904.0000 1761 541 0.3072
51923.0000 1761 542 0.3078
51926.0000 1761 543 0.3083
51930.0000 1762 543 0.3082
51931.5000 1762 544 0.3087
51957.0000 1763 544 0.3086
51991.0000 1764 544 0.3084
52020.0000 1765 544 0.3082
52049.0000 1766 544 0.3080
52082.0000 1767 544 0.3079
52111.0000 1768 544 0.3077
52142.0000 1769 544 0.3075
52173.0000 1770 544 0.3073
52202.0000 1771 544 0.3072
52221.0000 1771 545 0.3077
52232.0000 1772 545 0.3076
52257.0000 1773 545 0.3074
52267.0000 1773 546 0.3080
52289.0000 1774 546 0.3078
52316.0000 1775 546 0.3076
52349.0000 1776 546 0.3074
52350.5000 1776 547 0.3080
52364.5000 1776 548 0.3086
52378.0000 1777 548 0.3084
52408.0000 1778 548 0.3082
52435.0000 1779 548 0.3080
52464.0000 1780 548 0.3079
52489.0000 1781 548 0.3077
52501.0000 1781 549 0.3083
52522.0000 1782 549 0.3081
52550.0000 1783 549 0.3079
52576.0000 1784 549 0.3077
52604.0000 1785 549 0.3076
52636.0000 1786 549 0.3074
52667.0000 1787 549 0.3072
52701.0000 1788 549 0.3070
52713.0000 1788 550 0.3076
52732.0000 1789 550 0.3074
52763.0000 1790 550 0.3073
52790.0000 1791 550 0.3071
52795.0000 1791 551 0.3076
52796.0000 1791 552 0.3082
52821.0000 1792 552 0.3080
52855.0000 1793 552 0.3079
52882.0000 1794 552 0.3077
52912.0000 1795 552 0.3075
52938.0000 1796 552 0.3073
52971.0000 1797 552 0.3072
52999.0000 1798 552 0.3070
53027.0000 1799 552 0.3068
53061.0000 1800 552 0.3067
53092.0000 1801 552 0.3065
53092.5000 1801 553 0.3071
53117.0000 1802 553 0.3069
53145.0000 1803 553 0.3067
53174.0000 1804 553 0.3065
53203.0000 1805 553 0.3064
53232.0000 1806 553 0.3062
53232.5000 1806 554 0.3068
53260.0000 1807 554 0.3066
53272.0000 1807 555 0.3071
53286.0000 1808 555 0.3070
53317.0000 1809 555 0.3068
53348.0000 1810 555 0.3066
53378.0000 1811 555 0.3065
53407.0000 1812 555 0.3063
53437.0000 1813 555 0.3061
53462.0000 1814 555 0.3060
53495.0000 1815 555 0.3058
53527.0000 1816 555 0.3056
53558.0000 1817 555 0.3054
53583.0000 1818 555 0.3053
53610.0000 1819 555 0.3051
53641.0000 1820 555 0.3049
53672.0000 1821 555 0.3048
53705.0000 1822 555 0.3046
53737.0000 1823 555 0.3044
53768.0000 1824 555 0.3043
53797.0000 1825 555 0.3041
53824.0000 1826 555 0.3039
53856.0000 1827 555 0.3038
53881.0000 1828 555 0.3036
53888.0000 1828 556 0.3042
53909.0000 1829 556 0.3040
53941.0000 1830 556 0.3038
53975.0000 1831 556 0.3037
53987.5000 1831 557 0.3042
54009.0000 1832 557 0.3040
54032.5000 1832 558 0.3046
54038.0000 1833 558 0.3044
54072.0000 1834 558 0.3043
54100.0000 1835 558 0.3041
54102.0000 1835 559 0.3046
54130.0000 1836 559 0.3045
54161.0000 1837 559 0.3043
54193.0000 1838 559 0.3041
54208.0000 1838 560 0.3047
54222.0000 1839 560 0.3045
54253.0000 1840 560 0.3043
54278.0000 1841 560 0.3042
54289.0000 1841 561 0.3047
54311.0000 1842 561 0.3046
54342.0000 1843 561 0.3044
54375.0000 1844 561 0.3042
54401.0000 1845 561 0.3041
54404.0000 1845 562 0.3046
54435.0000 1846 562 0.3044
54446.5000 1846 563 0.3050
54467.0000 1847 563 0.3048
54494.0000 1848 563 0.3047
54525.0000 1849 563 0.3045
54557.0000 1850 563 0.3043
54583.0000 1851 563 0.3042
54615.0000 1852 563 0.3040
54640.0000 1853 563 0.3038
54671.0000 1854 563 0.3037
54697.0000 1855 563 0.3035
54724.0000 1856 563 0.3033
54752.0000 1857 563 0.3032
54781.0000 1858 563 0.3030
54806.0000 1859 563 0.3029
54835.0000 1860 563 0.3027
54862.0000 1861 563 0.3025
54862.0000 1861 564 0.3031
54891.0000 1862 564 0.3029
54921.0000 1863 564 0.3027
54949.0000 1864 564 0.3026
54978.0000 1865 564 0.3024
55011.0000 1866 564 0.3023
55043.0000 1867 564 0.3021
55045.5000 1867 565 0.3026
55070.0000 1868 565 0.3025
55104.0000 1869 565 0.3023
55134.0000 1870 565 0.3021
55161.0000 1871 565 0.3020
55193.0000 1872 565 0.3018
55224.0000 1873 565 0.3017
55251.0000 1874 565 0.3015
55280.0000 1875 565 0.3013
55284.5000 1875 566 0.3019
55309.0000 1876 566 0.3017
55334.5000 1876 567 0.3022
55337.0000 1877 567 0.3021
55366.0000 1878 567 0.3019
55391.0000 1879 567 0.3018
55413.5000 1879 568 0.3023
55418.0000 1880 568 0.3021
55424.0000 1880 569 0.3027
55448.0000 1881 569 0.3025
55477.0000 1882 569 0.3023
55510.0000 1883 569 0.3022
55540.0000 1884 569 0.3020
55565.0000 1884 570 0.3025
55573.0000 1885 570 0.3024
55594.0000 1885 571 0.3029
55599.0000 1886 571 0.3028
55624.0000 1887 571 0.3026
55653.0000 1888 571 0.3024
55687.0000 1889 571 0.3023
55689.5000 1889 572 0.3028
55717.5000 1889 573 0.3033
55718.0000 1890 573 0.3032
55722.5000 1890 574 0.3037
55746.0000 1891 574 0.3035
55777.0000 1892 574 0.3034
55807.0000 1893 574 0.3032
55835.0000 1894 574 0.3031
55868.0000 1895 574 0.3029
55896.0000 1896 574 0.3027
55905.0000 1896 575 0.3033
55906.5000 1896 576 0.3038
55928.0000 1897 576 0.3036
55959.0000 1898 576 0.3035
55985.0000 1899 576 0.3033
56011.0000 1900 576 0.3032
56036.0000 1901 576 0.3030
56069.0000 1902 576 0.3028
56103.0000 1903 576 0.3027
56135.0000 1904 576 0.3025
56162.0000 1905 576 0.3024
56191.0000 1906 576 0.3022
56220.0000 1907 576 0.3020
56249.0000 1908 576 0.3019
56266.0000 1908 577 0.3024
56272.5000 1908 578 0.3029
56281.0000 1909 578 0.3028
56311.0000 1910 578 0.3026
56337.0000 1910 579 0.3031
56343.0000 1911 579 0.3030
56343.5000 1911 580 0.3035
56371.0000 1912 580 0.3033
56372.5000 1912 581 0.3039
56402.0000 1913 581 0.3037
56433.0000 1914 581 0.3036
56460.0000 1915 581 0.3034
56487.0000 1916 581 0.3032
56512.5000 1916 582 0.3038
56517.0000 1917 582 0.3036
56547.0000 1918 582 0.3034
56578.0000 1919 582 0.3033
56608.0000 1920 582 0.3031
56615.0000 1920 583 0.3036
56638.0000 1921 583 0.3035
56638.0000 1921 584 0.3040
56670.0000 1922 584 0.3039
56698.0000 1923 584 0.3037
56727.0000 1924 584 0.3035
56759.0000 1925 584 0.3034
56783.5000 1925 585 0.3039
56792.0000 1926 585 0.3037
56824.0000 1927 585 0.3036
56832.0000 1927 586 0.3041
56853.0000 1928 586 0.3039
56853.5000 1928 587 0.3045
56880.0000 1929 587 0.3043
56893.5000 1929 588 0.3048
56912.0000 1930 588 0.3047
56946.0000 1931 588 0.3045
56973.0000 1932 588 0.3043
56973.5000 1932 589 0.3049
57000.5000 1932 590 0.3054
57001.0000 1933 590 0.3052
57031.0000 1934 590 0.3051
57057.0000 1935 590 0.3049
57083.0000 1936 590 0.3048
57109.0000 1937 590 0.3046
57141.0000 1938 590 0.3044
57169.0000 1939 590 0.3043
57201.0000 1940 590 0.3041
57229.0000 1941 590 0.3040
57255.0000 1942 590 0.3038
57256.0000 1942 591 0.3043
57286.0000 1943 591 0.3042
57317.0000 1944 591 0.3040
57335.5000 1944 592 0.3045
57344.0000 1945 592 0.3044
57369.0000 1946 592 0.3042
57395.0000 1947 592 0.3041
57413.0000 1947 593 0.3046
57417.5000 1947 594 0.3051
57428.0000 1948 594 0.3049
57459.0000 1949 594 0.3048
57470.5000 1949 595 0.3053
57486.0000 1950 595 0.3051
57512.5000 1950 596 0.3056
57519.0000 1951 596 0.3055
57544.0000 1952 596 0.3053
57576.0000 1953 596 0.3052
