# messageDelay  cumulativeProbability
0.5000 0.0005
0.5000 0.0010
0.5000 0.0015
0.5000 0.0020
0.5000 0.0026
0.5000 0.0031
0.5000 0.0036
0.5000 0.0041
0.5000 0.0046
0.5000 0.0051
0.5000 0.0056
0.5000 0.0061
0.5000 0.0067
0.5000 0.0072
0.5000 0.0077
0.5000 0.0082
0.5000 0.0087
0.5000 0.0092
0.5000 0.0097
0.5000 0.0102
0.5000 0.0108
0.5000 0.0113
0.5000 0.0118
0.5000 0.0123
0.5000 0.0128
0.5000 0.0133
0.5000 0.0138
0.5000 0.0143
0.5000 0.0148
0.5000 0.0154
0.5000 0.0159
0.5000 0.0164
0.5000 0.0169
0.5000 0.0174
0.5000 0.0179
0.5000 0.0184
1.0000 0.0189
1.0000 0.0195
1.0000 0.0200
1.0000 0.0205
1.0000 0.0210
1.0000 0.0215
1.0000 0.0220
1.0000 0.0225
1.0000 0.0230
1.0000 0.0236
1.5000 0.0241
1.5000 0.0246
1.5000 0.0251
1.5000 0.0256
1.5000 0.0261
1.5000 0.0266
1.5000 0.0271
1.5000 0.0276
1.5000 0.0282
2.0000 0.0287
2.0000 0.0292
2.0000 0.0297
2.0000 0.0302
2.0000 0.0307
2.0000 0.0312
2.0000 0.0317
2.0000 0.0323
2.0000 0.0328
2.0000 0.0333
2.0000 0.0338
2.0000 0.0343
2.5000 0.0348
2.5000 0.0353
2.5000 0.0358
3.0000 0.0364
5.0000 0.0369
22.5000 0.0374
38.5000 0.0379
39.5000 0.0384
60.5000 0.0389
92.0000 0.0394
103.5000 0.0399
109.5000 0.0405
110.5000 0.0410
113.0000 0.0415
118.5000 0.0420
131.5000 0.0425
141.0000 0.0430
142.0000 0.0435
150.5000 0.0440
166.5000 0.0445
178.5000 0.0451
180.0000 0.0456
185.0000 0.0461
201.5000 0.0466
204.5000 0.0471
235.5000 0.0476
238.0000 0.0481
241.0000 0.0486
245.0000 0.0492
246.0000 0.0497
252.0000 0.0502
254.0000 0.0507
256.0000 0.0512
261.5000 0.0517
262.5000 0.0522
265.0000 0.0527
269.0000 0.0533
277.5000 0.0538
278.5000 0.0543
283.0000 0.0548
283.5000 0.0553
287.0000 0.0558
290.0000 0.0563
292.5000 0.0568
298.5000 0.0573
301.0000 0.0579
311.5000 0.0584
325.5000 0.0589
326.0000 0.0594
326.0000 0.0599
334.0000 0.0604
343.5000 0.0609
345.5000 0.0614
349.0000 0.0620
355.0000 0.0625
362.5000 0.0630
363.0000 0.0635
364.0000 0.0640
370.0000 0.0645
374.0000 0.0650
375.0000 0.0655
377.5000 0.0661
395.0000 0.0666
397.5000 0.0671
406.0000 0.0676
407.5000 0.0681
416.5000 0.0686
419.5000 0.0691
425.5000 0.0696
427.5000 0.0701
433.0000 0.0707
436.0000 0.0712
447.5000 0.0717
449.5000 0.0722
450.5000 0.0727
456.5000 0.0732
462.5000 0.0737
465.0000 0.0742
469.5000 0.0748
471.0000 0.0753
471.0000 0.0758
475.5000 0.0763
498.5000 0.0768
509.5000 0.0773
514.0000 0.0778
520.0000 0.0783
529.5000 0.0789
532.5000 0.0794
537.5000 0.0799
540.0000 0.0804
542.5000 0.0809
547.0000 0.0814
554.5000 0.0819
556.5000 0.0824
557.0000 0.0829
569.5000 0.0835
574.0000 0.0840
582.5000 0.0845
584.0000 0.0850
584.5000 0.0855
587.0000 0.0860
592.5000 0.0865
609.0000 0.0870
615.0000 0.0876
622.0000 0.0881
627.5000 0.0886
628.0000 0.0891
628.5000 0.0896
632.5000 0.0901
638.5000 0.0906
639.0000 0.0911
647.5000 0.0917
648.5000 0.0922
655.0000 0.0927
669.0000 0.0932
670.5000 0.0937
670.5000 0.0942
674.5000 0.0947
680.5000 0.0952
685.0000 0.0958
691.5000 0.0963
699.0000 0.0968
701.5000 0.0973
702.5000 0.0978
704.0000 0.0983
704.5000 0.0988
705.0000 0.0993
711.5000 0.0998
713.0000 0.1004
718.0000 0.1009
725.5000 0.1014
728.0000 0.1019
742.5000 0.1024
748.5000 0.1029
756.5000 0.1034
774.5000 0.1039
784.0000 0.1045
799.5000 0.1050
812.0000 0.1055
813.0000 0.1060
815.5000 0.1065
818.0000 0.1070
820.0000 0.1075
820.0000 0.1080
821.0000 0.1086
824.5000 0.1091
828.0000 0.1096
828.0000 0.1101
834.5000 0.1106
835.0000 0.1111
846.0000 0.1116
851.5000 0.1121
852.0000 0.1126
852.5000 0.1132
860.0000 0.1137
862.5000 0.1142
866.0000 0.1147
869.5000 0.1152
874.0000 0.1157
888.0000 0.1162
891.0000 0.1167
896.0000 0.1173
912.5000 0.1178
915.0000 0.1183
915.5000 0.1188
917.0000 0.1193
919.5000 0.1198
943.5000 0.1203
948.0000 0.1208
948.5000 0.1214
948.5000 0.1219
955.0000 0.1224
957.5000 0.1229
977.5000 0.1234
981.0000 0.1239
981.0000 0.1244
995.0000 0.1249
1007.0000 0.1254
1014.5000 0.1260
1015.5000 0.1265
1024.0000 0.1270
1025.0000 0.1275
1027.5000 0.1280
1031.0000 0.1285
1042.0000 0.1290
1044.0000 0.1295
1047.5000 0.1301
1048.5000 0.1306
1055.0000 0.1311
1056.0000 0.1316
1058.5000 0.1321
1078.0000 0.1326
1079.5000 0.1331
1081.5000 0.1336
1084.0000 0.1342
1094.0000 0.1347
1097.0000 0.1352
1101.5000 0.1357
1111.5000 0.1362
1118.5000 0.1367
1118.5000 0.1372
1121.0000 0.1377
1126.0000 0.1382
1139.5000 0.1388
1141.0000 0.1393
1142.0000 0.1398
1143.5000 0.1403
1144.5000 0.1408
1152.5000 0.1413
1161.0000 0.1418
1168.5000 0.1423
1170.0000 0.1429
1178.5000 0.1434
1179.5000 0.1439
1183.5000 0.1444
1197.0000 0.1449
1203.5000 0.1454
1207.5000 0.1459
1208.5000 0.1464
1209.0000 0.1470
1211.0000 0.1475
1215.5000 0.1480
1227.0000 0.1485
1236.5000 0.1490
1248.0000 0.1495
1286.0000 0.1500
1287.0000 0.1505
1290.5000 0.1510
1300.5000 0.1516
1310.5000 0.1521
1341.0000 0.1526
1366.5000 0.1531
1369.0000 0.1536
1379.5000 0.1541
1390.5000 0.1546
1395.5000 0.1551
1414.0000 0.1557
1416.0000 0.1562
1429.5000 0.1567
1442.5000 0.1572
1448.0000 0.1577
1454.5000 0.1582
1455.0000 0.1587
1465.0000 0.1592
1468.0000 0.1598
1469.0000 0.1603
1474.0000 0.1608
1483.0000 0.1613
1490.0000 0.1618
1490.5000 0.1623
1508.0000 0.1628
1534.5000 0.1633
1536.5000 0.1639
1550.0000 0.1644
1553.0000 0.1649
1560.5000 0.1654
1588.5000 0.1659
1596.0000 0.1664
1603.0000 0.1669
1610.0000 0.1674
1613.5000 0.1679
1633.5000 0.1685
1650.0000 0.1690
1656.0000 0.1695
1664.0000 0.1700
1672.0000 0.1705
1673.0000 0.1710
1673.5000 0.1715
1674.5000 0.1720
1691.0000 0.1726
1692.5000 0.1731
1692.5000 0.1736
1698.0000 0.1741
1708.0000 0.1746
1716.5000 0.1751
1720.0000 0.1756
1720.5000 0.1761
1722.5000 0.1767
1733.0000 0.1772
1740.5000 0.1777
1746.5000 0.1782
1751.0000 0.1787
1775.5000 0.1792
1776.5000 0.1797
1796.0000 0.1802
1807.5000 0.1807
1811.5000 0.1813
1814.0000 0.1818
1815.0000 0.1823
1818.5000 0.1828
1823.0000 0.1833
1827.5000 0.1838
1828.5000 0.1843
1851.5000 0.1848
1855.0000 0.1854
1866.5000 0.1859
1872.0000 0.1864
1876.0000 0.1869
1884.0000 0.1874
1898.0000 0.1879
1909.5000 0.1884
1911.5000 0.1889
1934.5000 0.1895
1939.5000 0.1900
1953.5000 0.1905
1954.0000 0.1910
1956.5000 0.1915
1965.5000 0.1920
1974.0000 0.1925
1981.5000 0.1930
1988.0000 0.1935
2009.0000 0.1941
2014.0000 0.1946
2020.5000 0.1951
2020.5000 0.1956
2029.5000 0.1961
2034.0000 0.1966
2041.5000 0.1971
2056.0000 0.1976
2061.5000 0.1982
2062.5000 0.1987
2071.5000 0.1992
2097.5000 0.1997
2110.5000 0.2002
2129.0000 0.2007
2144.5000 0.2012
2147.5000 0.2017
2148.5000 0.2023
2151.0000 0.2028
2173.5000 0.2033
2178.5000 0.2038
2180.5000 0.2043
2185.5000 0.2048
2191.0000 0.2053
2198.5000 0.2058
2204.0000 0.2063
2260.0000 0.2069
2260.0000 0.2074
2299.0000 0.2079
2308.0000 0.2084
2313.5000 0.2089
2317.0000 0.2094
2322.5000 0.2099
2338.0000 0.2104
2338.5000 0.2110
2350.0000 0.2115
2351.5000 0.2120
2399.5000 0.2125
2416.0000 0.2130
2418.0000 0.2135
2429.0000 0.2140
2446.0000 0.2145
2447.5000 0.2151
2454.0000 0.2156
2466.0000 0.2161
2481.0000 0.2166
2486.0000 0.2171
2512.0000 0.2176
2529.5000 0.2181
2536.0000 0.2186
2556.0000 0.2192
2562.5000 0.2197
2563.5000 0.2202
2611.5000 0.2207
2629.0000 0.2212
2645.5000 0.2217
2648.5000 0.2222
2658.0000 0.2227
2680.5000 0.2232
2688.5000 0.2238
2689.0000 0.2243
2707.0000 0.2248
2753.0000 0.2253
2760.5000 0.2258
2766.5000 0.2263
2807.0000 0.2268
2835.5000 0.2273
2848.5000 0.2279
2852.0000 0.2284
2860.0000 0.2289
2876.0000 0.2294
2880.0000 0.2299
2880.0000 0.2304
2896.0000 0.2309
2896.5000 0.2314
2924.0000 0.2320
2929.5000 0.2325
2953.5000 0.2330
2971.0000 0.2335
3003.5000 0.2340
3026.5000 0.2345
3038.0000 0.2350
3048.0000 0.2355
3051.0000 0.2360
3051.5000 0.2366
3052.0000 0.2371
3057.5000 0.2376
3065.0000 0.2381
3078.0000 0.2386
3084.5000 0.2391
3102.5000 0.2396
3120.5000 0.2401
3143.0000 0.2407
3184.5000 0.2412
3221.5000 0.2417
3252.5000 0.2422
3295.5000 0.2427
3319.0000 0.2432
3355.0000 0.2437
3368.5000 0.2442
3464.5000 0.2448
3482.0000 0.2453
3486.5000 0.2458
3490.5000 0.2463
3515.0000 0.2468
3566.5000 0.2473
3573.5000 0.2478
3579.5000 0.2483
3590.0000 0.2488
3623.5000 0.2494
3663.5000 0.2499
3715.0000 0.2504
3757.0000 0.2509
3774.5000 0.2514
3875.0000 0.2519
3927.0000 0.2524
4020.0000 0.2529
4052.0000 0.2535
4109.0000 0.2540
4116.5000 0.2545
4154.0000 0.2550
4162.5000 0.2555
4203.5000 0.2560
4308.0000 0.2565
4309.0000 0.2570
4402.0000 0.2576
4424.0000 0.2581
4433.5000 0.2586
4524.5000 0.2591
4531.0000 0.2596
4532.5000 0.2601
4544.0000 0.2606
4549.0000 0.2611
4596.5000 0.2616
4643.0000 0.2622
4742.5000 0.2627
4792.5000 0.2632
4802.5000 0.2637
4888.0000 0.2642
4897.0000 0.2647
4933.5000 0.2652
4938.0000 0.2657
5010.5000 0.2663
5030.5000 0.2668
5088.0000 0.2673
5089.5000 0.2678
5115.5000 0.2683
5169.5000 0.2688
5173.5000 0.2693
5181.0000 0.2698
5190.5000 0.2704
5258.0000 0.2709
5345.5000 0.2714
5385.0000 0.2719
5388.0000 0.2724
5444.5000 0.2729
5478.0000 0.2734
5589.0000 0.2739
5637.0000 0.2744
5640.5000 0.2750
5715.0000 0.2755
5761.0000 0.2760
5832.0000 0.2765
5881.0000 0.2770
5982.0000 0.2775
6029.0000 0.2780
6038.0000 0.2785
6189.0000 0.2791
6214.0000 0.2796
6350.0000 0.2801
6503.5000 0.2806
6576.5000 0.2811
6681.5000 0.2816
6987.0000 0.2821
7029.0000 0.2826
7168.5000 0.2832
7247.0000 0.2837
7250.5000 0.2842
7474.0000 0.2847
7504.0000 0.2852
7529.0000 0.2857
8177.5000 0.2862
8228.0000 0.2867
8245.0000 0.2873
8272.0000 0.2878
8382.5000 0.2883
8804.0000 0.2888
8808.0000 0.2893
8900.0000 0.2898
8911.5000 0.2903
8937.0000 0.2908
9141.0000 0.2913
9286.5000 0.2919
9369.0000 0.2924
9786.0000 0.2929
9836.0000 0.2934
9886.0000 0.2939
10200.5000 0.2944
10509.5000 0.2949
10910.0000 0.2954
11261.5000 0.2960
11427.5000 0.2965
12061.5000 0.2970
12230.0000 0.2975
12477.0000 0.2980
13481.5000 0.2985
13738.5000 0.2990
13930.0000 0.2995
14250.0000 0.3001
14661.0000 0.3006
14798.0000 0.3011
15338.5000 0.3016
15390.5000 0.3021
15433.5000 0.3026
16337.0000 0.3031
16829.5000 0.3036
16882.5000 0.3041
17615.0000 0.3047
17779.5000 0.3052
